Date,Open,High,Low,Close,Volume
2016-02-01,574,588,572,574,12969
2016-02-02,584,595,580,584,7156
2016-02-03,580,580,572,580,4671
2016-02-04,574,589,573,574,11203
2016-02-07,589,604,585,589,12440
2016-02-08,595,594,584,595,10270
2016-02-11,590,590,580,590,4680
2016-02-14,580,579,561,580,7802
2016-02-15,570,590,555,570,10726
2016-02-16,590,600,571,590,4767
2016-02-17,576,590,560,576,14601
2016-02-18,590,596,588,590,20751
2016-02-21,588,598,585,588,21553
2016-02-22,590,595,585,590,6229
2016-02-23,590,609,585,590,16364
2016-02-24,605,603,590,605,4249
2016-02-25,595,605,581,595,5816
2016-02-28,585,595,587,585,10168
2016-02-29,590,590,586,590,4735
2016-03-01,589,590,583,589,4675
2016-03-02,585,609,580,585,3609
2016-03-03,599,620,590,599,31519
2016-03-06,617,635,610,617,22567
2016-03-10,630,693,640,630,69293
2016-03-13,693,734,700,693,133833
2016-03-14,707,715,665,707,31398
2016-03-15,672,674,655,672,14526
2016-03-16,665,679,655,665,9375
2016-03-17,674,672,665,674,14604
2016-03-20,665,671,656,665,16552
2016-03-21,660,666,648,660,24495
2016-03-23,648,664,648,648,8568
2016-03-24,653,678,651,653,11367
2016-03-27,655,673,650,655,25338
2016-03-28,673,685,658,673,16225
2016-03-29,671,673,657,671,7922
2016-03-30,669,680,661,669,8799
2016-03-31,665,663,655,665,7572
2016-04-03,658,690,652,658,15676
2016-04-04,670,680,670,670,12643
2016-04-05,680,685,670,680,22777
2016-04-06,684,689,677,684,17535
2016-04-10,680,685,670,680,35135
2016-04-11,583,584,572,583,2445
2016-04-12,576,565,560,576,1071
2016-04-14,560,591,560,560,3092
2016-04-17,591,602,582,591,7426
2016-04-18,595,612,570,595,12148
2016-04-19,612,605,590,612,2370
2016-04-20,599,607,596,599,12246
2016-04-21,605,630,595,605,26726
2016-04-24,630,649,622,630,11906
2016-04-25,640,663,641,640,11479
2016-04-26,655,651,638,655,6470
2016-04-27,638,655,632,638,10197
2016-04-28,647,651,638,647,7618
2016-05-02,638,645,627,638,18127
2016-05-03,640,644,635,640,7259
2016-05-04,640,639,629,640,5406
2016-05-05,632,632,610,632,6608
2016-05-08,632,644,617,632,5668
2016-05-09,634,663,640,634,20133
2016-05-10,649,659,637,649,3444
2016-05-11,642,655,640,642,11538
2016-05-12,655,673,655,655,26491
2016-05-15,673,667,654,673,4754
2016-05-16,666,663,653,666,4406
2016-05-17,663,680,662,663,16189
2016-05-18,680,693,680,680,7927
2016-05-19,683,694,675,683,14300
2016-05-22,684,686,670,684,2404
2016-05-23,680,690,677,680,14290
2016-05-24,685,695,685,685,7665
2016-05-25,690,692,671,690,13438
2016-05-26,682,689,657,682,5751
2016-05-29,679,679,660,679,10097
2016-05-30,679,679,665,679,6432
2016-05-31,666,667,653,666,7732
2016-06-01,659,665,648,659,10461
2016-06-02,656,682,656,656,14888
2016-06-05,668,674,650,668,8658
2016-06-06,668,670,647,668,4113
2016-06-07,670,680,661,670,9201
2016-06-08,677,689,676,677,11892
2016-06-09,677,694,677,677,7948
2016-06-12,677,689,668,677,4476
2016-06-13,675,710,680,675,40671
2016-06-14,700,725,710,700,35182
2016-06-15,721,723,712,721,11057
2016-06-16,720,722,697,720,14568
2016-06-19,713,714,693,713,18341
2016-06-20,705,710,697,705,10740
2016-06-21,700,720,700,700,9949
2016-06-22,703,728,706,703,11454
2016-06-23,720,720,696,720,6052
2016-06-26,702,712,703,702,7223
2016-06-27,710,739,713,710,22093
2016-06-28,739,735,721,739,12542
2016-06-29,735,732,724,735,10899
2016-06-30,727,729,716,727,19936
2016-07-03,722,720,713,722,11526
2016-07-04,719,730,710,719,5677
2016-07-05,730,750,713,730,20430
2016-07-06,745,775,743,745,24816
2016-07-10,761,765,740,761,4691
2016-07-11,761,789,761,761,27375
2016-07-12,777,784,720,777,8705
2016-07-13,766,768,740,766,10620
2016-07-14,760,775,755,760,11763
2016-07-17,768,844,765,768,46553
2016-07-18,844,865,814,844,28713
2016-07-19,833,899,830,833,53355
2016-07-20,888,976,900,888,73449
2016-07-21,976,1010,954,976,43680
2016-07-25,984,1065,985,984,63729
2016-07-26,1065,1113,1045,1065,37909
2016-07-27,1082,1099,1035,1082,40667
2016-07-28,1081,1069,1029,1081,33191
2016-07-31,1060,1068,1020,1060,28865
2016-08-01,1038,1050,995,1038,33867
2016-08-02,1030,1015,1000,1030,58079
2016-08-03,1000,1019,982,1000,23444
2016-08-04,1002,995,955,1002,30904
2016-08-07,970,1006,970,970,25130
2016-08-08,972,965,901,972,16460
2016-08-09,905,995,923,905,3567
2016-08-10,995,1020,936,995,53909
2016-08-11,1010,1020,992,1010,33089
2016-08-14,1020,1001,955,1020,20556
2016-08-15,968,1006,946,968,27993
2016-08-16,970,1001,970,970,30158
2016-08-17,985,1010,972,985,16569
2016-08-21,1000,1013,985,1000,8813
2016-08-22,995,1000,962,995,6697
2016-08-23,964,983,948,964,12823
2016-08-24,970,984,951,970,7338
2016-08-28,970,980,958,970,5090
2016-08-29,965,995,965,965,14088
2016-08-30,983,1002,983,983,16862
2016-08-31,999,1005,985,999,19708
2016-09-01,999,1010,990,999,15887
2016-09-04,998,1029,989,998,13611
2016-09-05,1020,1056,1020,1020,34803
2016-09-06,1043,1055,1011,1043,25608
2016-09-07,1028,1065,1011,1028,62511
2016-09-08,1065,1058,1040,1065,15717
2016-09-11,1054,1075,1042,1054,29449
2016-09-12,1050,1060,1048,1050,29095
2016-09-14,1050,1059,1046,1050,11695
2016-09-18,1050,1052,1035,1050,11307
2016-09-20,1050,1071,1040,1050,42584
2016-09-21,1044,1045,1020,1044,24012
2016-09-22,1025,1032,997,1025,31362
2016-09-25,1019,1020,990,1019,114461
2016-09-26,697,690,659,697,10691
2016-09-27,675,684,672,675,4456
2016-09-28,672,677,670,672,1414
2016-09-29,672,670,660,672,3261
2016-10-02,670,684,670,670,4644
2016-10-03,680,690,670,680,2351
2016-10-04,672,680,667,672,7550
2016-10-05,668,680,667,668,1002
2016-10-06,680,690,670,680,2238
2016-10-16,683,703,679,683,1795
2016-10-17,683,683,660,683,3931
2016-10-18,669,675,661,669,1206
2016-10-19,670,670,660,670,3950
2016-10-20,665,677,661,665,2944
2016-10-23,669,665,655,669,6226
2016-10-24,655,661,649,655,7673
2016-10-25,653,650,640,653,3856
2016-10-26,645,650,640,645,4364
2016-10-27,642,645,630,642,2964
2016-11-03,638,650,626,638,906
2016-11-07,645,646,615,645,1784
2016-11-08,625,630,605,625,5340
2016-11-09,610,613,594,610,5406
2016-11-10,600,607,596,600,4874
2016-11-13,600,610,598,600,7038
2016-11-14,600,609,595,600,6752
2016-11-15,600,612,590,600,7995
2016-11-16,596,600,588,596,4803
2016-11-17,595,595,580,595,5087
2016-11-20,580,571,530,580,6046
2016-11-21,556,565,541,556,6653
2016-11-22,555,560,538,555,6174
2016-11-23,550,540,520,550,9827
2016-11-24,525,540,523,525,10536
2016-11-27,527,528,500,527,14556
2016-11-28,502,535,480,502,20030
2016-11-29,525,560,505,525,6827
2016-11-30,555,589,550,555,17082
2016-12-01,576,590,556,576,12639
2016-12-04,575,571,558,575,3739
2016-12-05,558,558,530,558,3418
2016-12-06,545,555,540,545,3030
2016-12-07,550,553,543,550,1850
2016-12-08,550,550,540,550,4444
2016-12-11,540,541,529,540,3290
2016-12-12,530,530,515,530,1484
2016-12-14,525,535,525,525,5246
2016-12-15,530,542,530,530,4365
2016-12-18,542,540,525,542,6847
2016-12-19,540,535,520,540,6963
2016-12-20,520,530,505,520,9974
2016-12-21,520,525,500,520,6654
2016-12-22,511,513,506,511,8026
2016-12-26,513,510,497,513,7763
2016-12-27,497,506,483,497,10568
2016-12-28,495,505,495,495,5725
2016-12-29,498,526,502,498,19494
2017-01-01,526,555,535,526,18373
2017-01-02,545,560,545,545,19457
2017-01-03,545,550,530,545,8202
2017-01-04,530,535,510,530,6130
2017-01-05,530,533,520,530,8287
2017-01-08,528,529,520,528,5593
2017-01-09,524,540,521,524,5545
2017-01-10,540,550,540,540,4148
2017-01-11,540,550,540,540,8359
2017-01-12,540,546,531,540,5428
2017-01-15,542,542,530,542,2339
2017-01-16,534,536,527,534,2058
2017-01-17,527,529,523,527,3270
2017-01-18,523,530,520,523,3386
2017-01-19,520,529,521,520,1913
2017-01-22,528,531,526,528,2773
2017-01-23,526,524,520,526,2679
2017-01-24,520,530,500,520,7839
2017-01-25,508,505,480,508,25727
2017-01-26,490,490,455,490,33136
2017-01-30,460,465,442,460,12799
2017-01-31,442,464,435,442,11409
2017-02-01,458,485,465,458,9886
2017-02-02,483,500,480,483,15620
2017-02-05,483,492,470,483,3121
2017-02-06,470,468,455,470,5122
2017-02-07,455,463,451,455,4245
2017-02-08,455,460,448,455,9700
2017-02-09,450,453,440,450,12428
2017-02-12,445,453,416,445,11551
2017-02-13,429,443,413,429,11039
2017-02-14,440,447,424,440,13085
2017-02-15,437,456,442,437,12899
2017-02-16,453,460,450,453,16259
2017-02-19,453,452,441,453,23260
2017-02-20,445,455,440,445,17150
2017-02-21,440,465,437,440,18863
2017-02-22,439,442,430,439,22813
2017-02-23,434,442,427,434,14367
2017-02-26,440,445,430,440,6391
2017-02-28,434,426,417,434,16732
2017-03-01,421,430,421,421,5008
2017-03-02,430,435,425,430,5828
2017-03-05,435,448,432,435,12347
2017-03-06,443,456,446,443,9615
2017-03-07,449,443,439,449,5596
2017-03-09,439,452,444,439,3547
2017-03-13,445,450,440,445,5870
2017-03-14,440,450,440,440,9273
2017-03-15,441,449,443,441,3091
2017-03-16,448,452,441,448,9046
2017-03-19,445,454,445,445,10196
2017-03-20,451,465,455,451,16216
2017-03-21,461,484,460,461,26819
2017-03-22,484,515,485,484,46018
2017-03-23,492,514,493,492,42052
2017-03-26,511,562,512,511,86224
2017-03-28,562,606,573,562,63335
2017-03-29,595,615,550,595,122754
2017-03-30,565,577,555,565,151987
2017-04-03,478,525,487,478,86048
2017-04-04,504,508,480,504,38622
2017-04-06,495,495,474,495,42085
2017-04-09,482,485,470,482,26361
2017-04-10,472,485,467,472,24705
2017-04-11,471,494,470,471,29427
2017-04-12,489,500,480,489,43976
2017-04-13,480,482,468,480,25576
2017-04-16,472,481,457,472,14433
2017-04-18,460,460,443,460,26897
2017-04-19,450,469,453,450,15551
2017-04-20,463,483,463,463,32994
2017-04-23,465,511,472,465,45549
2017-04-24,472,474,466,472,23133
2017-04-25,469,472,464,469,17195
2017-04-26,469,472,465,469,9098
2017-04-27,467,475,463,467,15743
2017-04-30,466,470,454,466,18728
2017-05-02,459,468,445,459,22562
2017-05-03,461,478,457,461,13689
2017-05-04,461,478,454,461,10579
2017-05-07,460,464,453,460,5619
2017-05-08,454,465,446,454,16791
2017-05-09,460,461,452,460,21081
2017-05-11,457,466,461,457,12423
2017-05-15,464,471,460,464,10542
2017-05-16,465,465,455,465,7225
2017-05-17,456,460,454,456,4811
2017-05-18,455,458,450,455,6117
2017-05-21,451,460,444,451,10460
2017-05-22,450,450,441,450,3174
2017-05-23,448,455,443,448,6912
2017-05-24,450,456,448,450,11662
2017-05-28,455,455,445,455,9086
2017-05-30,450,450,441,450,7182
2017-05-31,444,455,439,444,8727
2017-06-01,450,459,444,450,14518
2017-06-04,446,450,440,446,10779
2017-06-05,445,450,443,445,12176
2017-06-06,443,458,448,443,10899
2017-06-07,454,463,450,454,14334
2017-06-08,453,452,444,453,6842
2017-06-11,449,448,440,449,7886
2017-06-12,444,446,434,444,9184
2017-06-13,445,444,435,445,13963
2017-06-14,435,440,434,435,8869
2017-06-15,435,442,432,435,15064
2017-06-18,440,440,428,440,19261
2017-06-19,431,431,417,431,21359
2017-06-20,427,429,415,427,12740
2017-06-21,423,425,417,423,6334
2017-06-22,421,429,420,421,16465
2017-06-25,421,426,419,421,10516
2017-06-27,423,425,420,423,11352
2017-06-28,422,428,415,422,10162
2017-07-02,428,430,419,428,14946
2017-07-03,428,430,420,428,7794
2017-07-04,423,426,419,423,13712
2017-07-05,420,425,419,420,11348
2017-07-06,425,437,425,425,18660
2017-07-09,437,446,430,437,20091
2017-07-10,441,440,430,441,12785
2017-07-11,433,440,430,433,9864
2017-07-12,435,440,432,435,8794
2017-07-13,432,437,430,432,12875
2017-07-16,435,435,430,435,4465
2017-07-17,433,448,433,433,16129
2017-07-18,448,472,449,448,27796
2017-07-19,472,470,460,472,21239
2017-07-20,460,465,454,460,10954
2017-07-23,461,465,455,461,16709
2017-07-24,459,460,454,459,13393
2017-07-25,455,461,454,455,16138
2017-07-26,458,460,448,458,22953
2017-07-27,450,460,450,450,11335
2017-07-30,460,461,445,460,9537
2017-07-31,451,459,450,451,12315
2017-08-01,453,469,450,453,9280
2017-08-02,454,456,453,454,12168
2017-08-03,454,459,450,454,14097
2017-08-06,453,456,450,453,18930
2017-08-07,454,463,452,454,11926
2017-08-09,453,460,444,453,17516
2017-08-10,450,454,443,450,21245
2017-08-13,450,449,440,450,14415
2017-08-15,445,446,441,445,15104
2017-08-16,441,448,442,441,11304
2017-08-17,444,449,438,444,23326
2017-08-20,443,444,435,443,16054
2017-08-21,440,442,432,440,5674
2017-08-22,438,442,436,438,12396
2017-08-23,441,442,438,441,7718
2017-08-24,441,453,434,441,11438
2017-08-27,443,451,443,443,3889
2017-08-28,446,452,444,446,7897
2017-08-30,446,443,435,446,14820
2017-08-31,438,438,432,438,15528
2017-09-04,437,439,426,437,33009
2017-09-06,430,440,425,430,11603
2017-09-07,438,438,426,438,34082
2017-09-10,428,431,423,428,37704
2017-09-11,425,430,420,425,17950
2017-09-12,424,426,420,424,27903
2017-09-13,421,423,418,421,32249
2017-09-14,420,447,419,420,42524
2017-09-17,447,459,438,447,49764
2017-09-18,447,452,443,447,33400
2017-09-20,443,443,435,443,10450
2017-09-24,439,443,439,439,3718
2017-09-25,441,448,440,441,2882
2017-09-26,448,449,443,448,5132
2017-10-03,448,453,446,448,3164
2017-10-04,453,450,437,453,6475
2017-10-09,432,433,425,432,17649
2017-10-10,431,438,423,431,19003
2017-10-11,427,431,425,427,11993
2017-10-12,428,435,428,428,5474
2017-10-15,429,433,427,429,5553
2017-10-16,433,451,434,433,18696
2017-10-17,442,450,436,442,12124
2017-10-18,449,450,438,449,12688
2017-10-22,444,458,436,444,11183
2017-10-24,449,452,445,449,9549
2017-10-25,448,451,444,448,17137
2017-10-29,449,447,440,449,7203
2017-10-30,442,443,437,442,13723
2017-10-31,437,440,433,437,8889
2017-11-01,437,437,429,437,6291
2017-11-02,434,442,430,434,8331
2017-11-05,440,440,424,440,16936
2017-11-06,430,430,420,430,29796
2017-11-07,429,436,420,429,26141
2017-11-08,422,422,414,422,17305
2017-11-09,416,427,412,416,9434
2017-11-12,415,425,415,415,9098
2017-11-13,423,428,420,423,14684
2017-11-14,428,434,424,428,14580
2017-11-15,432,432,426,432,3596
2017-11-16,428,435,420,428,13740
2017-11-19,420,422,412,420,13373
2017-11-20,420,422,418,420,4579
2017-11-21,421,425,421,421,4762
2017-11-22,423,429,421,423,5998
2017-11-23,425,430,425,425,7260
2017-11-26,425,441,425,425,10953
2017-11-27,432,435,430,432,6918
2017-11-28,430,432,425,430,12551
2017-11-29,431,439,430,431,19013
2017-11-30,436,438,431,436,10518
2017-12-04,437,437,430,437,10306
2017-12-05,435,442,430,435,6588
2017-12-06,431,437,426,431,9725
2017-12-10,435,451,428,435,11646
2017-12-11,430,433,424,430,12873
2017-12-12,431,431,426,431,15642
2017-12-13,427,431,421,427,4262
2017-12-14,428,433,424,428,5967
2017-12-17,425,430,423,425,6121
2017-12-18,423,426,422,423,4333
2017-12-19,426,426,421,426,8052
2017-12-20,424,426,419,424,3192
2017-12-21,422,423,417,422,7557
2017-12-24,420,428,420,420,7917
2017-12-26,421,426,411,421,7244
2017-12-27,420,418,408,420,11368
2017-12-28,415,417,400,415,9917
2017-12-31,410,409,400,410,27546
2018-01-01,402,414,405,402,6665
2018-01-02,414,430,416,414,55870
2018-01-03,425,428,419,425,15373
2018-01-04,422,421,416,422,5788
2018-01-07,421,429,416,421,18051
2018-01-08,423,430,420,423,8389
2018-01-09,425,427,422,425,7302
2018-01-10,425,427,421,425,7277
2018-01-14,425,427,417,425,10523
2018-01-16,420,421,415,420,4270
2018-01-17,417,417,409,417,6401
2018-01-21,413,420,413,413,21733
2018-01-22,419,422,418,419,18056
2018-01-23,420,421,415,420,15725
2018-01-24,416,420,412,416,14131
2018-01-25,419,420,417,419,13110
2018-01-28,420,423,415,420,49337
2018-01-29,346,347,340,346,8266
2018-01-31,340,344,340,340,4790
2018-02-01,344,345,343,344,6191
2018-02-04,344,350,342,344,8959
2018-02-05,350,350,342,350,8109
2018-02-06,342,347,340,342,5214
2018-02-07,347,346,341,347,5012
2018-02-08,342,345,336,342,3523
2018-02-11,342,343,341,342,1760
2018-02-12,342,342,340,342,3785
2018-02-14,340,342,335,340,4167
2018-02-15,340,350,341,340,7548
2018-02-18,350,359,348,350,11904
2018-02-20,350,351,340,350,6728
2018-02-21,340,341,339,340,2461
2018-02-22,340,342,338,340,4099
2018-02-25,340,342,335,340,3932
2018-02-26,338,337,335,338,4951
2018-02-27,335,342,332,335,4409
2018-02-28,338,339,334,338,13018
2018-03-04,334,330,325,334,16726
2018-03-05,328,330,323,328,16594
2018-03-07,327,333,327,327,6817
2018-03-11,330,331,326,330,6491
2018-03-12,326,331,326,326,10231
2018-03-13,328,333,327,328,8561
2018-03-14,333,335,328,333,8410
2018-03-15,335,337,330,335,10440
2018-03-18,335,339,333,335,5791
2018-03-19,334,335,325,334,5937
2018-03-20,325,327,321,325,2133
2018-03-21,323,321,314,323,11081
2018-03-22,316,320,310,316,6600
2018-03-26,316,313,299,316,10390
2018-03-27,300,326,283,300,16469
2018-03-28,316,317,307,316,12154
2018-03-29,311,320,311,311,8252
2018-04-01,318,320,308,318,6979
2018-04-02,313,318,310,313,6267
2018-04-03,314,318,310,314,3431
2018-04-04,315,326,315,315,12813
2018-04-05,325,335,321,325,22167
2018-04-08,331,348,331,331,17000
2018-04-09,340,346,334,340,13810
2018-04-10,335,337,325,335,6099
2018-04-11,334,335,328,334,5135
2018-04-12,335,340,332,335,9067
2018-04-15,337,340,326,337,7648
2018-04-16,340,341,335,340,5765
2018-04-17,338,343,336,338,17345
2018-04-18,337,354,337,337,17497
2018-04-19,345,353,347,345,24467
2018-04-22,351,370,352,351,36790
2018-04-23,369,382,360,369,39505
2018-04-24,360,365,345,360,16417
2018-04-25,359,360,351,359,10118
2018-04-26,352,354,345,352,10047
2018-04-29,348,348,337,348,10608
2018-05-02,344,342,338,344,5447
2018-05-03,341,352,343,341,9858
2018-05-06,346,346,343,346,9671
2018-05-07,343,345,339,343,6251
2018-05-08,343,343,340,343,5181
2018-05-09,343,347,344,343,6849
2018-05-10,344,346,337,344,11575
2018-05-14,343,344,338,343,4201
2018-05-15,341,342,337,341,2916
2018-05-16,339,344,337,339,3039
2018-05-17,341,343,339,341,6983
2018-05-20,339,344,338,339,9261
2018-05-21,340,340,335,340,10925
2018-05-22,340,340,335,340,6973
2018-05-23,337,340,334,337,8116
2018-05-24,334,338,335,334,5963
2018-05-27,335,335,330,335,6118
2018-05-28,332,347,328,332,5764
2018-05-29,340,342,334,340,9698
2018-05-30,337,340,335,337,11065
2018-05-31,340,340,337,340,8381
2018-06-03,339,336,326,339,14980
2018-06-04,330,331,324,330,6154
2018-06-06,329,340,332,329,3379
2018-06-07,336,336,325,336,3481
2018-06-10,327,327,314,327,9920
2018-06-11,317,326,316,317,5594
2018-06-12,323,323,317,323,3235
2018-06-13,320,322,316,320,3924
2018-06-14,318,324,319,318,3956
2018-06-17,321,320,314,321,1083
2018-06-18,320,320,310,320,6878
2018-06-19,320,322,316,320,3309
2018-06-20,316,314,309,316,5309
2018-06-21,312,316,310,312,9336
2018-06-24,310,317,306,310,3045
2018-06-25,314,316,311,314,3561
2018-06-26,313,313,307,313,7623
2018-06-27,311,312,308,311,1402
2018-06-28,311,312,308,311,10595
2018-07-01,312,311,305,312,5338
2018-07-02,305,308,299,305,4610
2018-07-03,305,308,302,305,3991
2018-07-04,305,310,300,305,8901
2018-07-05,309,318,311,309,2638
2018-07-08,318,321,316,318,9349
2018-07-09,316,316,308,316,4364
2018-07-10,310,314,310,310,47740
2018-07-11,313,317,310,313,40507
2018-07-12,312,315,310,312,12730
2018-07-15,310,314,309,310,2890
2018-07-16,311,315,311,311,32979
2018-07-17,314,317,315,314,1983
2018-07-19,317,317,311,317,6170
2018-07-22,315,316,313,315,8337
2018-07-23,314,317,313,314,3905
2018-07-24,313,318,313,313,7297
2018-07-25,313,315,311,313,6281
2018-07-26,314,315,313,314,5608
2018-07-29,315,319,315,315,9058
2018-07-30,318,319,315,318,5984
2018-07-31,319,321,318,319,7541
2018-08-01,321,323,319,321,9526
2018-08-02,322,327,321,322,5188
2018-08-05,327,328,325,327,3712
2018-08-06,328,328,325,328,9520
2018-08-07,326,326,324,326,4342
2018-08-08,326,327,322,326,1567
2018-08-09,325,325,319,325,5748
2018-08-12,325,322,313,325,3439
2018-08-13,320,319,315,320,2778
2018-08-14,317,324,317,317,6036
2018-08-15,324,343,326,324,37824
2018-08-16,339,345,335,339,25581
2018-08-19,340,344,338,340,21370
2018-08-20,338,340,332,338,14359
2018-08-21,335,335,331,335,8787
2018-08-22,333,344,331,333,3613
2018-08-23,344,338,333,344,7504
2018-08-26,335,337,330,335,3588
2018-08-28,333,335,330,333,7354
2018-08-29,333,334,330,333,6392
2018-08-30,331,335,331,331,9985
2018-09-02,334,340,333,334,9661
2018-09-03,340,347,336,340,15425
2018-09-04,342,347,340,342,17187
2018-09-05,344,362,341,344,29704
2018-09-06,356,368,350,356,33936
2018-09-09,352,353,346,352,7740
2018-09-10,346,346,340,346,4112
2018-09-11,342,350,340,342,4778
2018-09-12,345,355,345,345,12667
2018-09-13,352,359,351,352,20006
2018-09-16,359,377,356,359,53133
2018-09-17,367,370,359,367,21307
2018-09-18,360,362,357,360,9249
2018-09-20,359,364,352,359,9880
2018-09-23,359,364,357,359,19281
2018-09-25,361,373,361,361,48115
2018-09-26,371,375,364,371,18655
2018-09-27,365,370,365,365,14911
2018-09-30,365,366,361,365,11183
2018-10-01,361,362,352,361,21976
2018-10-02,352,358,352,352,12983
2018-10-03,353,354,347,353,28516
2018-10-04,347,350,345,347,15025
2018-10-07,348,348,344,348,10164
2018-10-08,344,357,344,344,9581
2018-10-09,349,350,347,349,9551
2018-10-10,347,348,345,347,6502
2018-10-11,347,352,346,347,10534
2018-10-14,350,358,350,350,12769
2018-10-15,357,364,354,357,11617
2018-10-21,354,361,355,354,3483
2018-10-22,355,355,352,355,3196
2018-10-23,355,358,354,355,6474
2018-10-24,358,358,353,358,3065
2018-10-25,358,358,355,358,5436
2018-10-28,357,355,350,357,11851
2018-10-29,353,351,348,353,8152
2018-10-30,350,354,348,350,11760
2018-10-31,352,355,350,352,9391
2018-11-01,352,352,350,352,6758
2018-11-04,352,353,348,352,15056
2018-11-05,348,352,348,348,10438
2018-11-06,349,354,348,349,1030
2018-11-11,354,356,352,354,3083
2018-11-12,352,352,347,352,1885
2018-11-13,348,351,348,348,3940
2018-11-14,349,352,349,349,1763
2018-11-15,350,351,348,350,5701
2018-11-18,349,349,343,349,6006
2018-11-19,345,347,344,345,5455
2018-11-20,346,349,342,346,2001
2018-11-22,343,345,340,343,6445
2018-11-25,344,345,341,344,8678
2018-11-27,339,346,338,339,5914
2018-11-28,340,340,339,340,2677
2018-12-02,338,338,329,338,9756
2018-12-03,333,335,329,333,9202
2018-12-04,330,335,326,330,2973
2018-12-05,334,340,326,334,21447
2018-12-06,329,331,320,329,8394
2018-12-09,327,335,327,327,2982
2018-12-10,335,340,330,335,5830
2018-12-11,335,339,333,335,3705
2018-12-12,336,341,336,336,990
2018-12-16,338,344,338,338,18570
2018-12-17,344,355,340,344,5225
2018-12-18,355,355,343,355,10127
2018-12-19,344,345,342,344,3717
2018-12-20,343,351,343,343,14032
2018-12-23,349,362,349,349,16974
2018-12-24,357,362,352,357,14350
2018-12-25,357,357,351,357,8383
2018-12-26,353,362,352,353,22157
2018-12-27,362,365,358,362,36773
2018-12-30,359,359,351,359,11317
2018-12-31,351,352,347,351,16215
2019-01-01,348,350,344,348,22211
2019-01-02,346,347,345,346,7467
2019-01-03,345,348,340,345,7294
2019-01-06,345,352,344,345,9776
2019-01-07,345,350,344,345,2680
2019-01-08,346,349,346,346,8069
2019-01-09,349,351,348,349,8599
2019-01-10,348,354,348,348,4955
2019-01-13,350,357,346,350,22250
2019-01-14,349,351,348,349,20430
2019-01-15,350,350,348,350,7663
2019-01-16,350,351,348,350,9525
2019-01-17,350,350,345,350,3486
2019-01-20,345,345,341,345,4556
2019-01-21,345,346,340,345,6616
2019-01-22,342,343,337,342,5188
2019-01-23,343,344,342,343,2273
2019-01-24,343,344,342,343,16140
2019-01-27,342,342,339,342,4235
2019-01-28,339,345,338,339,8647
2019-01-29,342,342,340,342,2612
2019-01-30,341,341,339,341,3892
2019-01-31,339,342,339,339,5850
2019-02-03,339,340,337,339,12977
2019-02-04,338,340,335,338,13265
2019-02-05,339,340,338,339,5648
2019-02-06,338,352,335,338,6099
2019-02-07,335,337,330,335,5500
2019-02-10,334,335,330,334,6098
2019-02-11,332,335,328,332,6268
2019-02-12,332,333,330,332,5722
2019-02-13,332,332,329,332,13830
2019-02-14,329,331,327,329,13107
2019-02-17,330,336,328,330,18875
2019-02-18,330,330,325,330,9327
2019-02-19,329,333,324,329,3150
2019-02-20,333,333,329,333,2685
2019-02-21,329,335,329,329,9054
2019-02-24,333,333,329,333,6833
2019-02-25,330,333,327,330,15959
2019-02-26,331,334,331,331,18064
2019-02-27,332,335,330,332,27442
2019-03-03,314,314,291,314,14076
2019-03-05,294,294,291,294,5732
2019-03-06,292,293,290,292,2085
2019-03-07,292,294,290,292,8624
2019-03-10,294,294,292,294,2777
2019-03-11,293,301,293,293,9999
2019-03-12,298,306,298,298,16058
2019-03-13,305,306,300,305,15026
2019-03-14,301,303,296,301,6832
2019-03-17,302,305,300,302,8247
2019-03-18,302,304,301,302,10211
2019-03-19,301,301,298,301,3883
2019-03-21,298,300,296,298,3230
2019-03-24,296,299,293,296,8327
2019-03-25,293,298,292,293,8653
2019-03-26,294,298,293,294,10218
2019-03-27,294,299,293,294,4409
2019-03-28,294,298,292,294,9227
2019-03-31,294,296,293,294,11187
2019-04-01,295,297,292,295,12690
2019-04-02,297,304,299,297,15332
2019-04-03,302,307,301,302,15802
2019-04-04,305,305,301,305,11579
2019-04-07,304,309,298,304,11864
2019-04-08,309,320,310,309,21933
2019-04-09,316,318,311,316,21533
2019-04-10,311,314,310,311,8299
2019-04-11,312,319,313,312,22147
2019-04-15,315,318,313,315,11551
2019-04-16,318,327,313,318,17829
2019-04-17,326,338,326,326,24403
2019-04-18,338,350,336,338,49470
2019-04-21,350,350,343,350,28028
2019-04-22,348,353,336,348,19348
2019-04-23,342,346,340,342,17832
2019-04-24,346,354,341,346,68938
2019-04-25,354,389,354,354,145400
2019-04-28,388,410,389,388,111393
2019-04-29,395,395,383,395,45136
2019-04-30,389,391,382,389,27561
2019-05-02,390,387,381,390,24698
