Date,Open,High,Low,Close,Volume
2016-02-01,321,327,322,321,31428
2016-02-02,325,332,321,325,32366
2016-02-03,328,335,326,328,47110
2016-02-04,330,333,326,330,27469
2016-02-07,330,342,328,330,41078
2016-02-08,331,337,329,331,44997
2016-02-11,333,366,339,333,180431
2016-02-14,340,352,339,340,31940
2016-02-15,342,347,336,342,48757
2016-02-16,345,355,339,345,129611
2016-02-17,355,376,355,355,158220
2016-02-18,370,385,355,370,126655
2016-02-21,375,387,370,375,35109
2016-02-22,372,378,367,372,51310
2016-02-23,367,374,359,367,41202
2016-02-24,365,365,356,365,9977
2016-02-25,357,367,351,357,46777
2016-02-28,361,367,360,361,39275
2016-02-29,362,363,358,362,19336
2016-03-01,361,368,358,361,50317
2016-03-02,368,375,361,368,51462
2016-03-03,375,374,368,375,17947
2016-03-06,370,374,366,370,30279
2016-03-10,371,371,365,371,39615
2016-03-13,371,381,364,371,45472
2016-03-14,371,373,364,371,86846
2016-03-15,364,377,346,364,147810
2016-03-16,377,390,378,377,81352
2016-03-17,382,410,382,382,178022
2016-03-20,400,413,388,400,138739
2016-03-21,400,414,397,400,203878
2016-03-23,400,424,392,400,183130
2016-03-24,396,395,384,396,97381
2016-03-27,385,408,382,385,168645
2016-03-28,406,422,400,406,134081
2016-03-29,402,406,396,402,96654
2016-03-30,400,408,400,400,120035
2016-03-31,401,405,398,401,146774
2016-04-03,401,400,390,401,50884
2016-04-04,398,401,399,398,61306
2016-04-05,400,405,399,400,52162
2016-04-06,402,407,400,402,81341
2016-04-10,405,406,403,405,31935
2016-04-11,405,415,405,405,76292
2016-04-12,408,427,410,408,216085
2016-04-14,422,433,422,422,77281
2016-04-17,433,445,433,433,89108
2016-04-18,435,440,430,435,80749
2016-04-19,432,435,423,432,32285
2016-04-20,425,432,425,425,45621
2016-04-21,426,430,421,426,69974
2016-04-24,425,440,427,425,62966
2016-04-25,440,448,435,440,84418
2016-04-26,437,445,430,437,47199
2016-04-27,435,440,430,435,77283
2016-04-28,435,445,434,435,80652
2016-05-02,440,452,440,440,70427
2016-05-03,450,461,447,450,95689
2016-05-04,454,456,445,454,92783
2016-05-05,449,450,440,449,35189
2016-05-08,447,457,442,447,38882
2016-05-09,457,465,456,457,75125
2016-05-10,460,464,455,460,162513
2016-05-11,460,496,469,460,333994
2016-05-12,489,504,484,489,135417
2016-05-15,484,493,481,484,67831
2016-05-16,482,488,475,482,59838
2016-05-17,477,486,474,477,70793
2016-05-18,476,480,475,476,51834
2016-05-19,477,489,474,477,78972
2016-05-22,482,489,478,482,87849
2016-05-23,481,485,475,481,96282
2016-05-24,485,498,485,485,77907
2016-05-25,489,498,471,489,140809
2016-05-26,483,492,467,483,90173
2016-05-29,483,492,473,483,70573
2016-05-30,480,481,476,480,55453
2016-05-31,476,492,480,476,66954
2016-06-01,482,490,475,482,53641
2016-06-02,481,479,472,481,40217
2016-06-05,473,475,455,473,73667
2016-06-06,455,477,460,455,46910
2016-06-07,466,484,469,466,33267
2016-06-08,473,474,466,473,40672
2016-06-09,473,470,461,473,47011
2016-06-12,465,480,465,465,73622
2016-06-13,475,485,474,475,121684
2016-06-14,479,481,470,479,22932
2016-06-15,471,476,460,471,38566
2016-06-16,465,468,457,465,66682
2016-06-19,460,467,451,460,18601
2016-06-20,457,463,453,457,32050
2016-06-21,462,460,453,462,17031
2016-06-22,459,470,456,459,38998
2016-06-23,460,463,455,460,25727
2016-06-26,457,488,455,457,56205
2016-06-27,473,492,475,473,92235
2016-06-28,490,499,480,490,51393
2016-06-29,483,489,476,483,125979
2016-06-30,488,484,475,488,27366
2016-07-03,480,485,471,480,45368
2016-07-04,473,480,470,473,63041
2016-07-05,470,477,470,470,29310
2016-07-06,472,475,465,472,69355
2016-07-10,470,485,467,470,45385
2016-07-11,472,480,465,472,44940
2016-07-12,470,472,451,470,24558
2016-07-13,465,465,454,465,27795
2016-07-14,460,473,460,460,61316
2016-07-17,470,490,470,470,109228
2016-07-18,480,498,483,480,179182
2016-07-19,498,532,489,498,209898
2016-07-20,527,565,510,527,166068
2016-07-21,510,540,514,510,135856
2016-07-25,519,540,520,519,107723
2016-07-26,540,566,544,540,180798
2016-07-27,559,595,569,559,190700
2016-07-28,579,625,571,579,388311
2016-07-31,617,640,615,617,238835
2016-08-01,620,632,596,620,153624
2016-08-02,605,607,588,605,138325
2016-08-03,588,590,565,588,119486
2016-08-04,573,584,547,573,166216
2016-08-07,560,586,550,560,188585
2016-08-08,559,550,510,559,104640
2016-08-09,510,561,520,510,75016
2016-08-10,561,590,536,561,155781
2016-08-11,560,582,558,560,242286
2016-08-14,562,560,540,562,74435
2016-08-15,549,547,522,549,86215
2016-08-16,531,546,523,531,57953
2016-08-17,536,549,536,536,51469
2016-08-21,539,550,532,539,31865
2016-08-22,535,535,500,535,92657
2016-08-23,517,532,507,517,46846
2016-08-24,514,530,514,514,19606
2016-08-28,522,528,512,522,30859
2016-08-29,524,541,522,524,63710
2016-08-30,538,545,533,538,39721
2016-08-31,538,540,526,538,34849
2016-09-01,529,540,526,529,34464
2016-09-04,529,528,520,529,38316
2016-09-05,524,545,520,524,99834
2016-09-06,533,545,527,533,38141
2016-09-07,532,542,523,532,30728
2016-09-08,523,532,522,523,36663
2016-09-11,526,556,531,526,52774
2016-09-12,535,533,527,535,30141
2016-09-14,530,533,525,530,21987
2016-09-18,525,530,520,525,30131
2016-09-20,523,525,513,523,63695
2016-09-21,515,525,515,515,43971
2016-09-22,520,520,510,520,34490
2016-09-25,511,505,489,511,42886
2016-09-26,489,505,495,489,23648
2016-09-27,503,528,502,503,20876
2016-09-28,507,510,505,507,21890
2016-09-29,510,510,501,510,22289
2016-10-02,505,512,495,505,19339
2016-10-03,506,509,505,506,26283
2016-10-04,505,521,503,505,19060
2016-10-05,521,521,516,521,8971
2016-10-06,520,530,521,520,39553
2016-10-16,524,524,514,524,14650
2016-10-17,523,533,518,523,42479
2016-10-18,530,536,522,530,37814
2016-10-19,530,533,525,530,22444
2016-10-20,529,531,524,529,27221
2016-10-23,525,530,513,525,20059
2016-10-24,514,520,507,514,11339
2016-10-25,512,520,506,512,21030
2016-10-26,510,511,500,510,40534
2016-10-27,511,519,510,511,11053
2016-11-03,510,514,509,510,3663
2016-11-07,510,515,506,510,11294
2016-11-08,506,505,494,506,25469
2016-11-09,498,495,475,498,15305
2016-11-10,487,489,481,487,14500
2016-11-13,485,501,478,485,8899
2016-11-14,501,505,490,501,23300
2016-11-15,494,508,482,494,40639
2016-11-16,490,490,476,490,18532
2016-11-17,476,479,460,476,41420
2016-11-20,460,462,428,460,41290
2016-11-21,448,475,435,448,22767
2016-11-22,455,461,430,455,40001
2016-11-23,438,445,419,438,50176
2016-11-24,420,446,415,420,31459
2016-11-27,428,424,404,428,33307
2016-11-28,405,420,383,405,46734
2016-11-29,417,425,400,417,40628
2016-11-30,425,435,418,425,33978
2016-12-01,430,436,422,430,39284
2016-12-04,430,430,420,430,12207
2016-12-05,420,420,411,420,10046
2016-12-06,412,420,405,412,7735
2016-12-07,412,412,405,412,15401
2016-12-08,411,415,403,411,13992
2016-12-11,407,411,404,407,8550
2016-12-12,406,405,395,406,14456
2016-12-14,400,412,398,400,31490
2016-12-15,400,408,402,400,4744
2016-12-18,406,408,402,406,15575
2016-12-19,405,412,401,405,14459
2016-12-20,405,402,398,405,10837
2016-12-21,399,403,395,399,14332
2016-12-22,400,401,392,400,7159
2016-12-26,398,398,387,398,12672
2016-12-27,387,390,370,387,18841
2016-12-28,385,394,378,385,14320
2016-12-29,382,397,385,382,17180
2017-01-01,386,408,387,386,11546
2017-01-02,395,408,395,395,12522
2017-01-03,403,401,394,403,12095
2017-01-04,395,399,391,395,4495
2017-01-05,391,401,394,391,9371
2017-01-08,395,401,393,395,9420
2017-01-09,396,400,396,396,1846
2017-01-10,396,413,396,396,10400
2017-01-11,413,413,404,413,13662
2017-01-12,406,406,400,406,12260
2017-01-15,405,408,400,405,17625
2017-01-16,403,407,398,403,17164
2017-01-17,400,406,400,400,17243
2017-01-18,406,408,395,406,31504
2017-01-19,405,413,405,405,46179
2017-01-22,407,410,403,407,15096
2017-01-23,403,406,400,403,13200
2017-01-24,400,395,388,400,8686
2017-01-25,392,390,380,392,14216
2017-01-26,380,380,359,380,24500
2017-01-30,376,372,344,376,24913
2017-01-31,350,360,341,350,13750
2017-02-01,352,377,359,352,5950
2017-02-02,377,389,370,377,7619
2017-02-05,375,375,361,375,9360
2017-02-06,365,368,352,365,6870
2017-02-07,352,370,359,352,24053
2017-02-08,369,370,360,369,27440
2017-02-09,365,371,358,365,8253
2017-02-12,358,358,342,358,32215
2017-02-13,345,350,329,345,40265
2017-02-14,348,358,340,348,19033
2017-02-15,345,356,346,345,24851
2017-02-16,355,367,355,355,44461
2017-02-19,365,374,360,365,30575
2017-02-20,374,379,366,374,34700
2017-02-21,367,381,360,367,37277
2017-02-22,364,368,353,364,25591
2017-02-23,363,366,353,363,20011
2017-02-26,358,361,354,358,24577
2017-02-28,355,354,346,355,28186
2017-03-01,354,355,349,354,22250
2017-03-02,351,360,351,351,16685
2017-03-05,359,367,360,359,36235
2017-03-06,365,372,365,365,24134
2017-03-07,365,365,360,365,18706
2017-03-09,360,369,360,360,46897
2017-03-13,365,378,364,365,8025
2017-03-14,365,373,360,365,19860
2017-03-15,365,367,358,365,16195
2017-03-16,363,367,361,363,14110
2017-03-19,365,371,365,365,78986
2017-03-20,371,380,368,371,78638
2017-03-21,379,396,374,379,80419
2017-03-22,393,420,392,393,147528
2017-03-23,400,404,395,400,66157
2017-03-26,401,431,404,401,111759
2017-03-28,425,467,433,425,91860
2017-03-29,460,500,462,460,208199
2017-03-30,480,486,468,480,89883
2017-04-02,478,510,480,478,110948
2017-04-03,510,540,500,510,263039
2017-04-04,510,530,500,510,248809
2017-04-06,525,535,515,525,149822
2017-04-09,519,523,500,519,210263
2017-04-10,502,507,495,502,275865
2017-04-11,425,460,433,425,46158
2017-04-12,437,445,425,437,68860
2017-04-13,425,430,412,425,38418
2017-04-16,415,425,400,415,54001
2017-04-18,401,403,386,401,53232
2017-04-19,387,404,391,387,32171
2017-04-20,404,412,395,404,37348
2017-04-23,400,430,406,400,42395
2017-04-24,408,407,398,408,22744
2017-04-25,400,404,395,400,17689
2017-04-26,400,405,394,400,37382
2017-04-27,396,399,390,396,21420
2017-04-30,390,390,381,390,27613
2017-05-02,384,384,377,384,12017
2017-05-03,378,385,377,378,24062
2017-05-04,378,385,379,378,13083
2017-05-07,383,380,376,383,7790
2017-05-08,379,383,378,379,7760
2017-05-09,383,383,378,383,6488
2017-05-11,380,397,380,380,37710
2017-05-15,393,399,388,393,15129
2017-05-16,392,399,386,392,16298
2017-05-17,388,392,386,388,10316
2017-05-18,387,393,378,387,25236
2017-05-21,383,383,375,383,18763
2017-05-22,376,381,368,376,219331
2017-05-23,375,383,376,375,33677
2017-05-24,379,380,376,379,18300
2017-05-28,378,383,372,378,26403
2017-05-30,375,376,368,375,25325
2017-05-31,373,377,365,373,14924
2017-06-01,375,378,364,375,20270
2017-06-04,372,375,360,372,45085
2017-06-05,372,379,373,372,15776
2017-06-06,373,380,372,373,34971
2017-06-07,379,381,372,379,10650
2017-06-08,372,375,367,372,18857
2017-06-11,373,370,364,373,7186
2017-06-12,367,363,358,367,31315
2017-06-13,358,369,358,358,14975
2017-06-14,358,359,356,358,31254
2017-06-15,357,363,356,357,25588
2017-06-18,360,360,351,360,6295
2017-06-19,353,355,340,353,16080
2017-06-20,340,350,335,340,35898
2017-06-21,344,345,339,344,29905
2017-06-22,343,345,340,343,19585
2017-06-25,342,345,341,342,25702
2017-06-27,342,342,335,342,100117
2017-06-28,339,340,333,339,64518
2017-07-02,335,336,326,335,50643
2017-07-03,334,338,329,334,17655
2017-07-04,329,342,330,329,22940
2017-07-05,338,341,334,338,50962
2017-07-06,341,355,341,341,65711
2017-07-09,349,370,349,349,94284
2017-07-10,360,365,355,360,36021
2017-07-11,356,365,354,356,22266
2017-07-12,360,364,359,360,7790
2017-07-13,363,370,353,363,22379
2017-07-16,364,371,365,364,23050
2017-07-17,368,384,370,368,26755
2017-07-18,379,387,378,379,62771
2017-07-19,387,393,384,387,33960
2017-07-20,384,387,373,384,23576
2017-07-23,384,384,373,384,19614
2017-07-24,375,376,370,375,8570
2017-07-25,371,380,370,371,5690
2017-07-26,373,375,370,373,8778
2017-07-27,372,371,366,372,6753
2017-07-30,371,374,368,371,8399
2017-07-31,369,375,368,369,9825
2017-08-01,370,372,368,370,10515
2017-08-02,370,376,370,370,19552
2017-08-03,370,370,360,370,55303
2017-08-06,364,368,359,364,19900
2017-08-07,367,370,360,367,12605
2017-08-09,365,370,358,365,51599
2017-08-10,361,362,356,361,37883
2017-08-13,357,363,348,357,19146
2017-08-15,354,370,353,354,54565
2017-08-16,370,370,362,370,43691
2017-08-17,365,364,355,365,44856
2017-08-20,355,360,350,355,90120
2017-08-21,351,357,353,351,6971
2017-08-22,353,358,340,353,126185
2017-08-23,350,360,344,350,157177
2017-08-24,357,361,355,357,36656
2017-08-27,360,370,361,360,23723
2017-08-28,364,366,355,364,18278
2017-08-30,360,360,351,360,23596
2017-08-31,358,357,351,358,36330
2017-09-04,352,359,344,352,19999
2017-09-06,351,357,346,351,45492
2017-09-07,350,351,344,350,16047
2017-09-10,347,352,341,347,144684
2017-09-11,347,352,340,347,130852
2017-09-12,345,348,342,345,25005
2017-09-13,345,353,342,345,13310
2017-09-14,347,358,343,347,40010
2017-09-17,356,360,350,356,25957
2017-09-18,357,360,350,357,42720
2017-09-20,355,362,350,355,36486
2017-09-24,353,353,349,353,4509
2017-09-25,349,353,350,349,15093
2017-09-26,350,356,352,350,10069
2017-10-03,354,356,350,354,6379
2017-10-04,353,360,346,353,12258
2017-10-09,345,344,340,345,59226
2017-10-10,344,345,340,344,39134
2017-10-11,341,345,338,341,14615
2017-10-12,343,344,334,343,30162
2017-10-15,341,350,340,341,11190
2017-10-16,349,355,350,349,39741
2017-10-17,355,359,350,355,33435
2017-10-18,350,354,348,350,21850
2017-10-22,353,359,352,353,23004
2017-10-24,354,353,350,354,10158
2017-10-25,350,352,344,350,38385
2017-10-29,346,348,343,346,9374
2017-10-30,343,350,341,343,16010
2017-10-31,349,346,341,349,17452
2017-11-01,342,345,339,342,18478
2017-11-02,343,345,339,343,16438
2017-11-05,341,341,335,341,31064
2017-11-06,338,341,335,338,15150
2017-11-07,338,341,332,338,15521
2017-11-08,337,336,332,337,16309
2017-11-09,336,339,331,336,12377
2017-11-12,336,342,334,336,10278
2017-11-13,340,352,342,340,31896
2017-11-14,347,353,346,347,43320
2017-11-15,353,358,348,353,106287
2017-11-16,351,351,347,351,21639
2017-11-19,350,347,344,350,14731
2017-11-20,344,346,342,344,20218
2017-11-21,345,351,343,345,15692
2017-11-22,350,352,348,350,25073
2017-11-23,352,357,350,352,73262
2017-11-26,355,367,356,355,154661
2017-11-27,367,370,364,367,78716
2017-11-28,365,370,362,365,58191
2017-11-29,367,378,368,367,107633
2017-11-30,372,382,369,372,81694
2017-12-04,379,380,373,379,34433
2017-12-05,376,377,373,376,49928
2017-12-06,377,381,374,377,38350
2017-12-10,381,384,374,381,67969
2017-12-11,379,377,373,379,17403
2017-12-12,376,376,370,376,88958
2017-12-13,370,375,368,370,25766
2017-12-14,375,376,370,375,36282
2017-12-17,373,375,366,373,37921
2017-12-18,366,374,366,366,31040
2017-12-19,366,373,363,366,15903
2017-12-20,366,366,359,366,29498
2017-12-21,360,360,356,360,24566
2017-12-24,356,362,353,356,19649
2017-12-26,359,355,349,359,35065
2017-12-27,350,351,343,350,35867
2017-12-28,348,348,340,348,31122
2017-12-31,347,347,340,347,38724
2018-01-01,347,357,348,347,36903
2018-01-02,356,363,350,356,27142
2018-01-03,352,351,347,352,14094
2018-01-04,347,351,346,347,25219
2018-01-07,350,355,347,350,24766
2018-01-08,350,355,350,350,27182
2018-01-09,354,359,352,354,21188
2018-01-10,356,355,352,356,10153
2018-01-14,353,354,350,353,15618
2018-01-16,352,352,347,352,8675
2018-01-17,349,350,346,349,22368
2018-01-21,347,352,347,347,14838
2018-01-22,348,350,347,348,22445
2018-01-23,348,352,347,348,14057
2018-01-24,347,351,347,347,11986
2018-01-25,350,361,350,350,31618
2018-01-28,361,366,359,361,37720
2018-01-29,360,360,355,360,31426
2018-01-31,356,362,356,356,24215
2018-02-01,359,366,360,359,117338
2018-02-04,365,369,365,365,196879
2018-02-05,365,368,363,365,28479
2018-02-06,363,364,358,363,18522
2018-02-07,360,365,344,360,148369
2018-02-08,346,350,343,346,69639
2018-02-11,349,350,346,349,16082
2018-02-12,346,349,345,346,34866
2018-02-14,345,350,345,345,25903
2018-02-15,350,360,350,350,50403
2018-02-18,360,367,354,360,60388
2018-02-20,354,358,352,354,36110
2018-02-21,352,355,348,352,15553
2018-02-22,350,352,345,350,15195
2018-02-25,350,345,340,350,23042
2018-02-26,343,345,340,343,16678
2018-02-27,343,349,343,343,6903
2018-02-28,346,347,340,346,28842
2018-03-04,342,340,329,342,82056
2018-03-05,336,341,329,336,16214
2018-03-07,335,339,335,335,41230
2018-03-11,337,332,324,337,32945
2018-03-12,324,331,320,324,20317
2018-03-13,325,329,321,325,7916
2018-03-14,322,328,322,322,15861
2018-03-15,323,329,320,323,47626
2018-03-18,325,326,320,325,19905
2018-03-19,324,324,312,324,19906
2018-03-20,315,314,308,315,22474
2018-03-21,314,310,305,314,67478
2018-03-22,306,317,300,306,59296
2018-03-26,307,304,289,307,77507
2018-03-27,294,309,285,294,69034
2018-03-28,300,306,297,300,82665
2018-03-29,299,309,300,299,26574
2018-04-01,308,308,297,308,34847
2018-04-02,303,306,300,303,20535
2018-04-03,302,303,300,302,13691
2018-04-04,303,310,303,303,22916
2018-04-05,309,317,309,309,42578
2018-04-08,316,330,314,316,57910
2018-04-09,324,331,322,324,59143
2018-04-10,327,328,318,327,27545
2018-04-11,323,323,316,323,12244
2018-04-12,323,326,321,323,29772
2018-04-15,321,323,317,321,10986
2018-04-16,322,330,323,322,29455
2018-04-17,325,335,326,325,54598
2018-04-18,335,359,334,335,60836
2018-04-19,346,362,346,346,112485
2018-04-22,358,371,359,358,99031
2018-04-23,368,375,359,368,260658
2018-04-24,363,369,354,363,67001
2018-04-25,366,367,359,366,36818
2018-04-26,361,362,352,361,60577
2018-04-29,354,356,349,354,39156
2018-05-02,352,353,347,352,41022
2018-05-03,353,362,351,353,161836
2018-05-06,358,364,351,358,56930
2018-05-07,353,358,352,353,39380
2018-05-08,354,360,353,354,20386
2018-05-09,359,360,355,359,8543
2018-05-10,356,357,355,356,13793
2018-05-14,355,356,350,355,11017
2018-05-15,352,355,351,352,2566
2018-05-16,354,355,350,354,8391
2018-05-17,355,360,350,355,27724
2018-05-20,353,355,350,353,33559
2018-05-21,352,352,349,352,5007
2018-05-22,352,352,348,352,11045
2018-05-23,350,349,346,350,28150
2018-05-24,347,346,330,347,60398
2018-05-27,336,336,324,336,52190
2018-05-28,325,338,322,325,48262
2018-05-29,338,339,330,338,25487
2018-05-30,333,338,331,333,28966
2018-05-31,333,333,321,333,75469
2018-06-03,321,324,309,321,87540
2018-06-04,317,319,310,317,74863
2018-06-06,310,322,314,310,14099
2018-06-07,314,315,311,314,24614
2018-06-10,311,311,305,311,18273
2018-06-11,308,314,306,308,48341
2018-06-12,310,312,307,310,17172
2018-06-13,309,312,309,309,8186
2018-06-14,311,314,312,311,7764
2018-06-17,314,312,300,314,43872
2018-06-18,300,303,292,300,45219
2018-06-19,298,303,297,298,89339
2018-06-20,303,304,299,303,48738
2018-06-21,299,300,295,299,17095
2018-06-24,298,300,296,298,18044
2018-06-25,298,295,292,298,16793
2018-06-26,293,295,290,293,10852
2018-06-27,291,294,290,291,15466
2018-06-28,292,294,292,292,13330
2018-07-01,293,293,291,293,27417
2018-07-02,292,289,283,292,18327
2018-07-03,284,287,284,284,13245
2018-07-04,285,289,282,285,13658
2018-07-05,285,288,285,285,24628
2018-07-08,286,292,285,286,13621
2018-07-09,285,286,283,285,13600
2018-07-10,285,289,280,285,25338
2018-07-11,282,284,282,282,10396
2018-07-12,282,285,280,282,28629
2018-07-15,280,285,281,280,12260
2018-07-16,281,283,281,281,9173
2018-07-17,281,285,280,281,24705
2018-07-19,282,282,280,282,11342
2018-07-22,280,283,281,280,18304
2018-07-23,281,290,283,281,28941
2018-07-24,290,295,285,290,42236
2018-07-25,287,289,286,287,3912
2018-07-26,287,287,283,287,13406
2018-07-29,284,290,285,284,31114
2018-07-30,289,293,288,289,24886
2018-07-31,291,293,289,291,13050
2018-08-01,289,290,285,289,4230
2018-08-02,289,292,287,289,7872
2018-08-05,289,290,283,289,5980
2018-08-06,285,290,282,285,14067
2018-08-07,282,287,284,282,6688
2018-08-08,284,288,285,284,2345
2018-08-09,286,289,284,286,1651
2018-08-12,284,283,280,284,23024
2018-08-13,280,283,280,280,12148
2018-08-14,281,290,283,281,6060
2018-08-15,285,295,285,285,35112
2018-08-16,293,297,290,293,47426
2018-08-19,292,294,286,292,18224
2018-08-20,286,288,284,286,13873
2018-08-21,288,290,285,288,14840
2018-08-22,286,289,285,286,12500
2018-08-23,285,286,284,285,18050
2018-08-26,285,290,284,285,10645
2018-08-28,285,290,284,285,12111
2018-08-29,285,290,282,285,13484
2018-08-30,282,287,283,282,19325
2018-09-02,286,290,284,286,53355
2018-09-03,290,298,290,290,64843
2018-09-04,296,297,292,296,12107
2018-09-05,293,305,293,293,90228
2018-09-06,297,305,295,297,72089
2018-09-09,297,302,294,297,15247
2018-09-10,294,299,289,294,16856
2018-09-11,289,293,284,289,37194
2018-09-12,291,299,290,291,45123
2018-09-13,298,303,297,298,66445
2018-09-16,301,319,300,301,157758
2018-09-17,307,313,304,307,79775
2018-09-18,306,311,305,306,16279
2018-09-20,307,315,307,307,53221
2018-09-23,311,323,311,311,97481
2018-09-25,319,336,322,319,161951
2018-09-26,334,340,322,334,150600
2018-09-27,327,332,321,327,84483
2018-09-30,324,330,315,324,79138
2018-10-01,318,320,313,318,250271
2018-10-02,313,320,313,313,43019
2018-10-03,313,318,309,313,41698
2018-10-04,310,313,307,310,46865
2018-10-07,309,310,303,309,66166
2018-10-08,304,310,306,304,16175
2018-10-09,309,312,306,309,34397
2018-10-10,306,310,306,306,15056
2018-10-11,307,310,304,307,27685
2018-10-14,308,316,307,308,23750
2018-10-15,313,314,308,313,21430
2018-10-21,311,313,311,311,958
2018-10-22,311,314,308,311,32176
2018-10-23,310,311,309,310,9921
2018-10-24,309,310,309,309,5360
2018-10-25,310,310,308,310,10713
2018-10-28,309,310,305,309,11256
2018-10-29,307,306,303,307,15509
2018-10-30,303,306,302,303,5642
2018-10-31,306,307,302,306,11710
2018-11-01,303,305,303,303,8875
2018-11-04,304,304,300,304,13026
2018-11-05,300,302,300,300,30885
2018-11-06,300,302,300,300,9616
2018-11-11,301,302,294,301,27671
2018-11-12,295,297,291,295,16105
2018-11-13,295,300,295,295,20606
2018-11-14,299,306,299,299,34603
2018-11-15,304,310,300,304,28850
2018-11-18,300,300,291,300,479916
2018-11-19,295,296,294,295,102889
2018-11-20,295,295,292,295,81025
2018-11-22,294,297,294,294,58992
2018-11-25,296,300,294,296,37121
2018-11-27,294,298,294,294,35744
2018-11-28,296,297,291,296,532427
2018-12-02,295,295,292,295,244841
2018-12-03,292,293,291,292,1095018
2018-12-04,292,296,291,292,389469
2018-12-05,295,298,290,295,121363
2018-12-06,290,292,288,290,114123
2018-12-09,292,295,292,292,94368
2018-12-10,295,298,291,295,112474
2018-12-11,297,297,292,297,456790
2018-12-12,295,298,295,295,117779
2018-12-16,302,310,302,302,174105
2018-12-17,310,312,306,310,143679
2018-12-18,312,318,304,312,166792
2018-12-19,306,307,303,306,42794
2018-12-20,304,309,302,304,84630
2018-12-23,304,316,304,304,156335
2018-12-24,310,311,305,310,83954
2018-12-25,306,307,304,306,64051
2018-12-26,305,312,304,305,141269
2018-12-27,309,315,308,309,265409
2018-12-30,310,312,309,310,98987
2018-12-31,310,310,306,310,77620
2019-01-01,306,308,305,306,23513
2019-01-02,306,307,305,306,17753
2019-01-03,307,312,307,307,84700
2019-01-06,309,312,306,309,21607
2019-01-07,307,310,305,307,280624
2019-01-08,308,310,306,308,288607
2019-01-09,307,310,305,307,158955
2019-01-10,308,308,306,308,379446
2019-01-13,307,307,300,307,383270
2019-01-14,300,302,296,300,158741
2019-01-15,297,300,297,297,64049
2019-01-16,299,299,291,299,301140
2019-01-17,291,295,288,291,87574
2019-01-20,293,295,291,293,15340
2019-01-21,292,296,290,292,24916
2019-01-22,291,295,291,291,36005
2019-01-23,291,293,289,291,17173
2019-01-24,292,293,291,292,28860
2019-01-27,292,292,289,292,55475
2019-01-28,289,291,288,289,45132
2019-01-29,291,291,289,291,32063
2019-01-30,290,291,289,290,11347
2019-01-31,290,291,289,290,26440
2019-02-03,290,291,289,290,48150
2019-02-04,290,290,288,290,93999
2019-02-05,288,290,288,288,17657
2019-02-06,290,290,286,290,50729
2019-02-07,286,288,285,286,20094
2019-02-10,286,287,285,286,25877
2019-02-11,286,287,282,286,17203
2019-02-12,285,287,285,285,9109
2019-02-13,287,287,285,287,43442
2019-02-14,285,286,284,285,17513
2019-02-17,286,286,284,286,18584
2019-02-18,284,284,283,284,20427
2019-02-19,283,287,283,283,31631
2019-02-20,287,287,283,287,23656
2019-02-21,283,285,283,283,9879
2019-02-24,284,286,282,284,35569
2019-02-25,282,284,282,282,20783
2019-02-26,283,288,282,283,16510
2019-02-27,285,286,283,285,57845
2019-03-03,285,285,281,285,37310
2019-03-05,283,286,282,283,23791
2019-03-06,284,286,282,284,48297
2019-03-07,284,288,283,284,17232
2019-03-10,288,288,283,288,4466
2019-03-11,287,289,285,287,26236
2019-03-12,289,295,288,289,55072
2019-03-13,294,296,290,294,34706
2019-03-14,290,294,289,290,27805
2019-03-17,292,295,292,292,23342
2019-03-18,292,296,289,292,17710
2019-03-19,290,294,289,290,5010
2019-03-21,290,292,289,290,8720
2019-03-24,290,292,286,290,15906
2019-03-25,288,288,285,288,22863
2019-03-26,287,290,287,287,18589
2019-03-27,290,294,288,290,11530
2019-03-28,289,290,288,289,17534
2019-03-31,289,291,289,289,19550
2019-04-01,290,293,289,290,45376
2019-04-02,291,294,292,291,36298
2019-04-03,294,301,293,294,99097
2019-04-04,298,298,294,298,61272
2019-04-07,296,302,294,296,62817
2019-04-08,301,306,299,301,123853
2019-04-09,302,304,294,302,127430
2019-04-10,298,303,294,298,35880
2019-04-11,298,301,295,298,53294
2019-04-15,297,299,294,297,30074
2019-04-16,296,300,291,296,109893
2019-04-17,299,302,296,299,145581
2019-04-18,299,302,297,299,140590
2019-04-21,302,318,302,302,479666
2019-04-22,314,318,308,314,300068
2019-04-23,310,312,308,310,137845
2019-04-24,309,313,308,309,292086
2019-04-25,312,319,314,312,581857
2019-04-28,315,328,318,315,715538
2019-04-29,325,326,318,325,351667
2019-04-30,321,324,315,321,294267
2019-05-02,318,321,311,318,150302
2019-05-05,314,316,309,314,202122
2019-05-06,310,315,309,310,123895
2019-05-07,315,317,311,315,141441
2019-05-08,311,314,311,311,30364
2019-05-09,313,312,309,313,79325
2019-05-12,312,312,308,312,87036
2019-05-13,310,311,309,310,121099
2019-05-14,309,315,309,309,346806
2019-05-15,313,322,312,313,415548
2019-05-16,316,321,317,316,213891
2019-05-19,319,338,319,319,686098
2019-05-20,336,348,337,336,677987
2019-05-21,338,340,330,338,259426
2019-05-22,333,343,333,333,206344
2019-05-23,343,346,337,343,181744
2019-05-26,340,342,335,340,143892
2019-05-27,336,339,333,336,77686
2019-05-28,336,352,333,336,178454
2019-05-29,335,339,335,335,111502
2019-05-30,336,354,337,336,483680
2019-06-02,339,339,333,339,132560
2019-06-03,335,335,330,335,107787
2019-06-04,331,335,328,331,147620
2019-06-06,330,334,326,330,113091
2019-06-10,326,329,323,326,78576
2019-06-11,325,329,324,325,76476
2019-06-12,327,329,324,327,36530
2019-06-13,326,329,323,326,49952
2019-06-16,325,326,322,325,91288
2019-06-17,324,325,320,324,102416
2019-06-18,324,325,321,324,58818
2019-06-19,323,323,321,323,55895
2019-06-20,321,327,322,321,74143
2019-06-23,325,325,321,325,69340
2019-06-24,321,324,322,321,62030
2019-06-25,324,328,324,324,55178
2019-06-26,326,332,325,326,127349
2019-06-27,331,336,331,331,169434
2019-06-30,335,341,332,335,190259
2019-07-01,333,333,329,333,79115
2019-07-02,333,337,331,333,73591
2019-07-03,337,341,335,337,134166
2019-07-04,340,341,336,340,139505
2019-07-07,337,340,337,337,121328
2019-07-08,339,339,335,339,70296
2019-07-09,336,339,334,336,79877
2019-07-10,335,339,333,335,66210
2019-07-11,338,339,336,338,157150
2019-07-14,337,339,335,337,64571
2019-07-15,337,339,335,337,155161
2019-07-16,337,339,335,337,172096
2019-07-17,336,345,337,336,138862
2019-07-18,345,348,342,345,66349
2019-07-21,342,345,340,342,30835
2019-07-22,342,344,342,342,32294
2019-07-23,343,350,343,343,104302
2019-07-24,350,355,346,350,114426
2019-07-25,349,349,343,349,115670
2019-07-28,344,341,336,344,118728
2019-07-29,339,344,338,339,31642
2019-07-30,339,341,338,339,46041
2019-07-31,339,342,338,339,83641
2019-08-01,340,343,338,340,50317
2019-08-04,339,337,332,339,154007
2019-08-05,335,335,330,335,81332
2019-08-06,331,332,325,331,127107
2019-08-07,326,332,324,326,59639
2019-08-08,331,330,327,331,71112
2019-08-11,328,328,326,328,36234
2019-08-12,328,328,326,328,33325
2019-08-13,327,330,325,327,44695
2019-08-14,326,327,322,326,65059
2019-08-15,324,325,322,324,39284
2019-08-18,325,327,323,325,28355
2019-08-19,325,329,324,325,33779
2019-08-20,326,327,323,326,31843
2019-08-21,326,326,324,326,16301
2019-08-22,325,326,324,325,27089
2019-08-25,325,326,320,325,75110
2019-08-26,322,323,321,322,51909
2019-08-27,322,325,322,322,48135
2019-08-28,324,326,321,324,23281
2019-08-29,322,328,322,322,26080
2019-09-01,323,324,319,323,28538
2019-09-02,320,320,314,320,81020
2019-09-03,314,322,311,314,105779
2019-09-04,321,323,316,321,63294
2019-09-05,320,331,320,320,20580
2019-09-08,321,323,318,321,22252
2019-09-09,320,320,315,320,27821
2019-09-10,317,321,316,317,27115
2019-09-11,317,319,314,317,43606
2019-09-12,315,316,313,315,64421
2019-09-15,315,317,309,315,55973
2019-09-16,310,312,307,310,58196
2019-09-17,310,319,307,310,96740
2019-09-18,317,324,318,317,81162
2019-09-19,324,325,317,324,51861
2019-09-22,319,318,311,319,21930
2019-09-23,311,317,311,311,9235
2019-09-24,314,319,311,314,9053
2019-09-25,312,316,310,312,26815
2019-09-26,310,312,309,310,26805
2019-09-29,312,312,309,312,19988
2019-09-30,312,315,311,312,38026
2019-10-01,315,318,315,315,7352
2019-10-02,316,319,313,316,10800
2019-10-03,315,317,315,315,8665
2019-10-10,317,318,312,317,2940
2019-10-14,318,318,312,318,17820
2019-10-15,315,318,315,315,9306
2019-10-16,318,322,314,318,10740
2019-10-17,318,318,316,318,17478
2019-10-20,317,320,316,317,17236
2019-10-21,317,318,315,317,24090
2019-10-22,318,319,316,318,15384
2019-10-23,319,322,316,319,13095
2019-10-24,318,321,317,318,35053
2019-10-31,320,323,316,320,16390
2019-11-03,317,316,314,317,16475
2019-11-04,315,315,313,315,22403
2019-11-05,315,316,314,315,16092
2019-11-06,315,315,313,315,20653
2019-11-07,314,313,309,314,90557
2019-11-10,312,309,302,312,69475
2019-11-11,305,312,302,305,57794
2019-11-12,309,312,302,309,28472
2019-11-13,307,307,304,307,48500
2019-11-14,305,312,305,305,45817
2019-11-17,310,320,310,310,99578
2019-11-18,319,332,318,319,260644
2019-11-19,320,322,316,320,58928
2019-11-20,318,321,316,318,84285
2019-11-21,317,317,314,317,65257
2019-11-24,314,318,310,314,44142
2019-11-25,310,317,310,310,112082
2019-11-26,316,317,312,316,57838
2019-11-27,312,316,313,312,35897
2019-11-28,315,316,311,315,21933
2019-12-01,312,313,311,312,13655
2019-12-02,311,313,311,311,23337
2019-12-03,312,317,311,312,9381
2019-12-04,312,314,312,312,31054
2019-12-05,313,315,312,313,39669
2019-12-08,313,314,311,313,19458
2019-12-09,312,315,312,312,73431
2019-12-10,313,315,313,313,37031
2019-12-11,314,316,314,314,97626
2019-12-12,314,316,313,314,66257
2019-12-15,314,317,313,314,144473
2019-12-16,314,315,313,314,47696
2019-12-17,314,314,313,314,36406
2019-12-18,313,317,312,313,51679
2019-12-19,315,315,313,315,59807
2019-12-22,314,315,314,314,90050
2019-12-23,315,315,314,315,150456
2019-12-24,315,317,315,315,241620
2019-12-25,316,317,315,316,145067
2019-12-26,316,319,315,316,417340
2019-12-29,276,271,265,276,69886
2019-12-30,267,280,263,267,24371
2019-12-31,264,265,262,264,31644
2020-01-01,265,265,263,265,27343
2020-01-02,264,268,263,264,25846
2020-01-05,266,271,265,266,63823
2020-01-06,270,277,270,270,65947
2020-01-07,274,278,273,274,71856
2020-01-08,275,279,271,275,55523
2020-01-09,273,272,270,273,28996
2020-01-12,271,276,272,271,110930
2020-01-13,273,283,277,273,140253
2020-01-14,279,280,275,279,30995
2020-01-15,277,286,276,277,103770
2020-01-16,282,285,280,282,158071
2020-01-19,282,288,282,282,173449
2020-01-20,284,289,276,284,97170
2020-01-21,279,281,276,279,68581
2020-01-22,278,295,276,278,317195
2020-01-23,288,292,278,288,206048
2020-01-26,280,285,273,280,66783
2020-01-27,273,279,272,273,75600
2020-01-28,276,277,271,276,166814
2020-01-29,271,272,268,271,106912
2020-01-30,270,274,269,270,113167
2020-02-02,273,278,272,273,105558
2020-02-03,274,275,271,274,67012
2020-02-04,273,281,270,273,81425
2020-02-05,271,275,270,271,55989
2020-02-06,270,274,268,270,49567
2020-02-09,270,271,267,270,60188
2020-02-10,269,273,267,269,41674
2020-02-11,269,275,268,269,66521
2020-02-12,269,271,267,269,105904
2020-02-13,267,269,266,267,107979
