Date,Open,High,Low,Close,Volume
2016-02-01,675,680,677,675,2850
2016-02-02,680,685,680,680,5310
2016-02-03,684,687,680,684,1700
2016-02-04,685,691,685,685,5690
2016-02-07,691,695,689,691,6340
2016-02-08,695,700,690,695,19035
2016-02-11,695,700,690,695,4290
2016-02-14,699,705,699,699,5700
2016-02-15,703,703,692,703,5770
2016-02-16,700,700,694,700,5505
2016-02-17,696,705,695,696,9355
2016-02-18,705,709,700,705,12960
2016-02-21,700,705,700,700,15340
2016-02-22,700,702,701,700,860
2016-02-23,701,705,700,701,18540
2016-02-24,700,702,699,700,15315
2016-02-25,702,705,694,702,1305
2016-02-28,705,705,701,705,7520
2016-02-29,704,703,700,704,10375
2016-03-01,701,705,687,701,4095
2016-03-02,702,705,701,702,5764
2016-03-03,705,705,701,705,1360
2016-03-06,705,703,700,705,7990
2016-03-10,702,705,700,702,1690
2016-03-13,700,702,700,700,4010
2016-03-14,700,701,698,700,4355
2016-03-15,701,702,696,701,8360
2016-03-16,700,702,700,700,3920
2016-03-17,700,702,700,700,33535
2016-03-20,702,705,703,702,610
2016-03-21,703,703,695,703,1650
2016-03-23,695,700,693,695,2585
2016-03-24,695,715,700,695,5795
2016-03-27,715,720,705,715,1645
2016-03-28,710,702,700,710,1790
2016-03-29,700,701,690,700,4700
2016-03-30,700,700,697,700,2350
2016-03-31,700,700,692,700,3165
2016-04-03,696,691,691,696,100
2016-04-04,691,701,692,691,3575
2016-04-05,701,710,700,701,14095
2016-04-06,710,710,701,710,14710
2016-04-10,709,711,705,709,6775
2016-04-11,710,719,710,710,7600
2016-04-12,712,716,710,712,10280
2016-04-14,715,723,714,715,55060
2016-04-17,715,701,665,715,1870
2016-04-18,666,665,652,666,2100
2016-04-19,655,670,660,655,1340
2016-04-20,660,668,655,660,2300
2016-04-21,666,663,650,666,1805
2016-04-24,655,660,660,655,860
2016-04-25,660,660,650,660,3170
2016-04-26,659,665,654,659,4900
2016-04-27,654,660,653,654,6310
2016-04-28,654,655,652,654,500
2016-05-03,654,655,650,654,1980
2016-05-04,653,659,650,653,990
2016-05-05,651,660,651,651,3195
2016-05-08,651,660,645,651,2510
2016-05-09,655,665,655,655,6610
2016-05-10,665,665,650,665,11425
2016-05-11,665,666,653,665,600
2016-05-12,653,660,655,653,4445
2016-05-15,656,670,660,656,2810
2016-05-16,670,657,655,670,2120
2016-05-17,657,670,658,657,3536
2016-05-18,661,670,660,661,6370
2016-05-19,660,665,660,660,1850
2016-05-22,660,665,652,660,7200
2016-05-23,660,664,655,660,1420
2016-05-24,658,660,654,658,4570
2016-05-25,655,655,650,655,3130
2016-05-26,652,655,650,652,71400
2016-05-29,651,655,640,651,2560
2016-05-30,651,659,652,651,3450
2016-05-31,659,661,654,659,5720
2016-06-01,661,662,650,661,13785
2016-06-02,660,670,648,660,6595
2016-06-05,662,660,650,662,2365
2016-06-06,658,662,656,658,6870
2016-06-07,660,665,660,660,13800
2016-06-08,665,670,652,665,9236
2016-06-09,665,672,665,665,8680
2016-06-12,669,670,664,669,13785
2016-06-13,670,671,660,670,4850
2016-06-14,668,666,656,668,5515
2016-06-15,665,670,660,665,10775
2016-06-16,667,683,654,667,8105
2016-06-19,667,678,665,667,10100
2016-06-20,675,677,670,675,12660
2016-06-21,675,680,674,675,9565
2016-06-22,679,680,673,679,8600
2016-06-23,673,675,667,673,6765
2016-06-26,674,680,671,674,11130
2016-06-27,674,675,667,674,10390
2016-06-28,675,679,672,675,4770
2016-06-29,679,682,676,679,12385
2016-06-30,681,686,680,681,14810
2016-07-03,684,695,688,684,6145
2016-07-04,688,690,680,688,7820
2016-07-05,686,695,676,686,7326
2016-07-06,691,695,692,691,1260
2016-07-10,692,695,685,692,3885
2016-07-11,692,692,659,692,1382
2016-07-12,659,695,672,659,4900
2016-07-13,676,685,675,676,4470
2016-07-14,678,689,673,678,5125
2016-07-17,689,689,676,689,5255
2016-07-18,689,691,680,689,8724
2016-07-19,690,689,677,690,9815
2016-07-20,689,690,685,689,9585
2016-07-21,689,690,685,689,3100
2016-07-25,689,689,680,689,3680
2016-07-26,686,690,685,686,12230
2016-07-27,687,690,680,687,7945
2016-07-28,682,695,682,682,5095
2016-07-31,683,687,682,683,6365
2016-08-01,687,688,680,687,7385
2016-08-02,682,685,680,682,8105
2016-08-03,683,685,677,683,4391
2016-08-04,680,680,671,680,2055
2016-08-07,674,695,670,674,6275
2016-08-08,695,682,671,695,300
2016-08-10,672,680,660,672,5570
2016-08-11,680,690,670,680,8905
2016-08-14,680,678,671,680,5948
2016-08-15,675,685,673,675,6855
2016-08-16,676,680,675,676,13015
2016-08-17,680,686,676,680,5755
2016-08-21,684,685,682,684,1880
2016-08-22,685,695,663,685,2000
2016-08-23,672,685,671,672,4950
2016-08-24,671,682,670,671,4660
2016-08-28,675,688,675,675,2240
2016-08-29,680,688,677,680,8990
2016-08-30,685,690,685,685,13735
2016-08-31,686,700,687,686,7390
2016-09-01,695,698,690,695,6255
2016-09-04,691,695,690,691,8330
2016-09-05,691,701,690,691,13260
2016-09-06,700,702,692,700,14350
2016-09-07,700,700,695,700,1210
2016-09-08,700,700,687,700,4070
2016-09-11,689,701,686,689,26592
2016-09-12,698,700,690,698,8230
2016-09-14,700,695,686,700,9160
2016-09-18,688,700,685,688,10931
2016-09-20,699,701,691,699,5620
2016-09-21,691,699,686,691,11190
2016-09-22,690,704,696,690,4660
2016-09-25,696,699,686,696,2660
2016-09-26,687,696,687,687,2215
2016-09-27,696,690,685,696,4215
2016-09-28,690,690,688,690,400
2016-09-29,690,690,686,690,1475
2016-10-02,690,690,685,690,4040
2016-10-03,690,690,686,690,2010
2016-10-04,690,692,680,690,1900
2016-10-05,687,690,686,687,1600
2016-10-06,690,703,692,690,5535
2016-10-16,700,696,687,700,850
2016-10-17,687,690,685,687,2010
2016-10-18,688,700,688,688,4915
2016-10-19,700,693,687,700,3010
2016-10-20,693,694,686,693,1075
2016-10-23,694,683,681,694,2785
2016-10-24,682,689,675,682,4380
2016-10-25,680,682,681,680,680
2016-10-26,682,690,680,682,3250
2016-10-27,690,690,690,690,350
2016-11-03,690,690,677,690,5110
2016-11-07,680,681,680,680,160
2016-11-08,681,690,676,681,1310
2016-11-09,677,675,670,677,1720
2016-11-10,670,676,671,670,4550
2016-11-13,675,680,675,675,550
2016-11-14,679,684,670,679,2655
2016-11-15,676,693,676,676,3534
2016-11-16,685,689,681,685,1000
2016-11-17,685,680,676,685,700
2016-11-20,676,675,662,676,14530
2016-11-21,675,697,675,675,3970
2016-11-22,697,685,674,697,3585
2016-11-23,685,684,670,685,8260
2016-11-24,671,689,675,671,5100
2016-11-27,689,689,665,689,4035
2016-11-28,675,685,670,675,18430
2016-11-29,685,699,672,685,1575
2016-11-30,685,690,685,685,6390
2016-12-01,689,700,680,689,11460
2016-12-04,690,685,680,690,1335
2016-12-05,680,683,680,680,3520
2016-12-06,680,682,680,680,830
2016-12-07,680,682,679,680,2200
2016-12-08,682,682,677,682,700
2016-12-11,680,680,677,680,1825
2016-12-12,677,680,673,677,7700
2016-12-14,680,685,680,680,1135
2016-12-15,681,683,675,681,3605
2016-12-18,679,685,680,679,3755
2016-12-19,685,685,677,685,3925
2016-12-20,680,685,670,680,5240
2016-12-21,685,683,673,685,9305
2016-12-22,682,724,685,682,57430
2016-12-26,705,700,691,705,13045
2016-12-27,692,693,687,692,15300
2016-12-28,690,695,687,690,6490
2016-12-29,690,690,685,690,58295
2017-01-01,690,700,689,690,136420
2017-01-02,698,714,697,698,15380
2017-01-03,700,700,698,700,17405
2017-01-04,700,700,687,700,7960
2017-01-05,699,700,695,699,19050
2017-01-08,700,699,692,700,14885
2017-01-09,696,698,694,696,8260
2017-01-10,698,724,695,698,3725
2017-01-11,695,696,694,695,9135
2017-01-12,695,697,690,695,5215
2017-01-15,695,700,690,695,2680
2017-01-16,694,695,692,694,1110
2017-01-17,695,695,691,695,2920
2017-01-18,692,697,690,692,17390
2017-01-19,690,695,691,690,2315
2017-01-22,692,695,695,692,600
2017-01-23,695,695,690,695,14100
2017-01-24,690,692,681,690,9275
2017-01-25,683,685,680,683,11785
2017-01-26,685,682,672,685,13680
2017-01-30,677,671,662,677,20790
2017-01-31,663,665,650,663,38520
2017-02-01,660,681,655,660,94151
2017-02-02,680,680,670,680,3370
2017-02-05,670,671,661,670,3630
2017-02-06,661,665,660,661,1640
2017-02-07,665,670,660,665,29955
2017-02-08,670,665,660,670,2110
2017-02-09,660,673,660,660,3540
2017-02-12,660,670,651,660,6355
2017-02-13,655,670,641,655,6080
2017-02-14,670,669,650,670,5288
2017-02-15,667,670,658,667,4850
2017-02-16,669,670,660,669,4520
2017-02-19,660,690,665,660,15275
2017-02-20,689,698,680,689,16435
2017-02-21,682,693,675,682,24395
2017-02-22,681,681,675,681,31035
2017-02-23,675,685,678,675,13085
2017-02-26,678,665,627,678,2940
2017-02-28,634,630,622,634,460
2017-03-01,629,633,630,629,970
2017-03-02,633,630,621,633,1940
2017-03-05,627,634,624,627,740
2017-03-06,624,630,620,624,1540
2017-03-07,630,628,624,630,350
2017-03-09,628,630,624,628,180
2017-03-13,624,630,620,624,600
2017-03-14,620,631,620,620,7820
2017-03-15,620,625,620,620,3945
2017-03-16,625,635,625,625,1030
2017-03-19,625,635,625,625,3025
2017-03-20,635,637,630,635,2020
2017-03-21,635,635,625,635,2930
2017-03-22,635,635,618,635,2320
2017-03-23,635,635,628,635,4100
2017-03-26,630,637,630,630,3370
2017-03-28,633,643,625,633,6415
2017-03-29,634,665,632,634,16575
2017-03-30,635,645,633,635,3150
2017-04-02,640,650,637,640,2670
2017-04-03,641,653,628,641,5785
2017-04-04,640,642,630,640,5345
2017-04-06,635,639,632,635,13740
2017-04-09,639,648,635,639,6920
2017-04-10,639,640,633,639,11525
2017-04-11,635,645,635,635,5970
2017-04-12,636,649,636,636,2935
2017-04-13,649,645,637,649,3845
2017-04-16,645,645,638,645,1605
2017-04-18,640,639,628,640,2700
2017-04-19,639,636,630,639,4265
2017-04-20,635,639,630,635,7000
2017-04-23,639,663,627,639,3445
2017-04-24,647,639,635,647,5440
2017-04-25,639,639,635,639,4590
2017-04-26,639,645,639,639,21490
2017-04-27,643,649,637,643,4650
2017-04-30,638,640,635,638,1102
2017-05-02,639,641,638,639,16915
2017-05-03,639,644,640,639,18370
2017-05-04,644,645,635,644,8200
2017-05-07,641,642,638,641,9625
2017-05-08,642,643,640,642,5485
2017-05-09,641,646,641,641,5130
2017-05-11,642,660,641,642,10690
2017-05-15,660,651,646,660,5705
2017-05-16,650,650,645,650,4200
2017-05-17,650,655,646,650,2315
2017-05-18,650,650,645,650,9270
2017-05-21,650,653,646,650,8371
2017-05-22,653,653,643,653,2420
2017-05-23,653,655,650,653,8390
2017-05-24,655,660,653,655,15635
2017-05-28,656,687,654,656,15065
2017-05-30,687,683,658,687,5882
2017-05-31,658,667,635,658,15125
2017-06-01,667,670,658,667,6630
2017-06-04,658,669,656,658,12245
2017-06-05,659,669,661,659,20910
2017-06-06,663,685,663,663,17085
2017-06-07,679,692,675,679,3060
2017-06-08,680,678,671,680,1930
2017-06-11,675,674,662,675,5410
2017-06-12,662,670,660,662,4240
2017-06-13,660,670,665,660,4200
2017-06-14,670,670,664,670,3575
2017-06-15,664,668,660,664,6660
2017-06-18,660,665,658,660,2590
2017-06-19,660,662,656,660,10780
2017-06-20,660,666,662,660,4900
2017-06-21,666,663,659,666,7925
2017-06-22,662,664,660,662,3840
2017-06-25,663,664,662,663,5410
2017-06-27,662,663,650,662,11890
2017-06-28,663,664,660,663,4965
2017-07-02,662,665,660,662,38965
2017-07-03,665,665,661,665,27130
2017-07-04,662,663,660,662,4440
2017-07-05,662,663,660,662,4675
2017-07-06,663,664,661,663,3960
2017-07-09,664,670,662,664,9335
2017-07-10,664,664,660,664,17720
2017-07-11,660,665,662,660,1280
2017-07-12,662,664,661,662,1830
2017-07-13,664,677,660,664,13530
2017-07-16,675,670,662,675,380
2017-07-17,670,670,660,670,1430
2017-07-18,670,670,664,670,6560
2017-07-19,668,668,660,668,6080
2017-07-20,668,672,665,668,7010
2017-07-23,670,679,666,670,4105
2017-07-24,671,677,666,671,7950
2017-07-25,671,672,668,671,2335
2017-07-26,668,670,666,668,4320
2017-07-27,669,670,665,669,8825
2017-07-30,669,670,667,669,3600
2017-07-31,670,674,670,670,5130
2017-08-01,674,688,675,674,11865
2017-08-02,685,685,683,685,4245
2017-08-03,685,691,685,685,4255
2017-08-06,688,697,685,688,8749
2017-08-07,694,712,690,694,23960
2017-08-09,712,712,707,712,21960
2017-08-10,711,710,705,711,6480
2017-08-13,706,712,700,706,6165
2017-08-15,703,708,697,703,7005
2017-08-16,699,708,699,699,4625
2017-08-17,702,700,695,702,6640
2017-08-20,699,703,697,699,3710
2017-08-21,697,700,697,697,250
2017-08-22,697,710,697,697,4865
2017-08-23,705,710,704,705,10475
2017-08-24,708,709,706,708,2900
2017-08-27,709,710,705,709,1075
2017-08-28,705,708,702,705,3440
2017-08-30,702,710,697,702,4200
2017-08-31,705,706,700,705,5555
2017-09-04,705,705,695,705,4275
2017-09-06,700,710,700,700,7159
2017-09-07,708,711,705,708,7188
2017-09-10,706,709,700,706,9735
2017-09-11,702,709,700,702,5895
2017-09-12,704,709,701,704,8020
2017-09-13,709,710,702,709,6400
2017-09-14,702,712,691,702,6320
2017-09-17,712,719,702,712,5005
2017-09-18,708,712,705,708,1730
2017-09-20,706,710,704,706,3235
2017-09-24,710,713,708,710,5370
2017-09-25,710,715,709,710,1260
2017-09-26,712,715,710,712,1570
2017-10-03,715,718,711,715,2180
2017-10-04,718,724,715,718,2965
2017-10-09,718,725,717,718,5855
2017-10-10,725,735,721,725,6740
2017-10-11,735,765,735,735,7845
2017-10-12,746,790,750,746,46090
2017-10-15,780,785,775,780,13400
2017-10-16,780,783,770,780,14485
2017-10-17,779,785,775,779,22395
2017-10-18,780,795,778,780,17610
2017-10-22,790,815,794,790,10060
2017-10-24,820,876,830,820,106758
2017-10-25,865,867,838,865,74095
2017-10-29,842,843,826,842,36075
2017-10-30,840,836,830,840,16520
2017-10-31,836,840,826,836,17003
2017-11-01,840,842,825,840,11822
2017-11-02,834,830,819,834,13210
2017-11-05,827,830,800,827,33250
2017-11-06,817,820,801,817,23240
2017-11-07,820,822,816,820,19050
2017-11-08,817,815,806,817,15870
2017-11-09,815,820,807,815,4120
2017-11-12,814,820,800,814,5750
2017-11-13,820,856,820,820,25598
2017-11-14,840,853,840,840,32070
2017-11-15,846,862,838,846,37362
2017-11-16,853,870,841,853,10575
2017-11-19,850,845,840,850,4894
2017-11-20,843,845,835,843,5195
2017-11-21,845,850,835,845,3165
2017-11-22,840,850,835,840,26181
2017-11-23,839,848,840,839,5010
2017-11-26,844,859,849,844,14187
2017-11-27,859,875,850,859,8670
2017-11-28,863,900,860,863,21315
2017-11-29,900,917,888,900,71771
2017-11-30,903,920,899,903,29111
2017-12-04,904,920,891,904,5847
2017-12-05,899,899,882,899,10685
2017-12-06,893,902,893,893,39965
2017-12-10,895,908,890,895,44000
2017-12-11,900,904,886,900,18890
2017-12-12,901,910,890,901,34826
2017-12-13,893,910,885,893,25024
2017-12-14,905,935,900,905,16271
2017-12-17,920,930,906,920,21125
2017-12-18,930,952,915,930,31478
2017-12-19,940,950,900,940,87000
2017-12-20,900,920,886,900,45630
2017-12-21,886,903,857,886,41068
2017-12-24,860,872,840,860,30830
2017-12-26,850,867,839,850,82110
2017-12-27,860,848,811,860,45171
2017-12-28,839,850,837,839,122210
2017-12-31,843,827,772,843,17490
2018-01-01,778,800,775,778,11090
2018-01-02,775,790,770,775,19920
2018-01-03,782,786,760,782,56085
2018-01-04,761,785,760,761,5470
2018-01-07,778,783,770,778,3730
2018-01-08,775,816,777,775,13390
2018-01-09,790,816,775,790,15419
2018-01-10,800,805,790,800,5198
2018-01-14,790,805,790,790,13680
2018-01-16,798,790,779,798,3043
2018-01-17,784,780,772,784,607
2018-01-21,772,780,757,772,5020
2018-01-22,774,790,770,774,3875
2018-01-23,770,774,766,770,759
2018-01-24,768,783,766,768,1775
2018-01-25,775,785,771,775,2880
2018-01-28,775,778,763,775,4700
2018-01-29,771,770,760,771,3849
2018-01-31,769,770,760,769,980
2018-02-01,760,770,760,760,4890
2018-02-04,770,785,770,770,15710
2018-02-05,771,770,766,771,1425
2018-02-06,768,770,765,768,7615
2018-02-07,769,765,760,769,5670
2018-02-08,760,770,752,760,8170
2018-02-11,770,770,757,770,3850
2018-02-12,759,769,759,759,6940
2018-02-14,762,765,758,762,6065
2018-02-15,761,790,760,761,5860
2018-02-18,766,768,755,766,5695
2018-02-20,755,769,755,755,3265
2018-02-21,755,762,748,755,1840
2018-02-22,750,760,748,750,3998
2018-02-25,757,765,750,757,4225
2018-02-26,754,765,745,754,3975
2018-02-27,745,760,745,745,4785
2018-02-28,758,755,735,758,6200
2018-03-04,748,745,721,748,12975
2018-03-05,739,753,725,739,9990
2018-03-07,725,739,720,725,2790
2018-03-11,730,730,718,730,8830
2018-03-12,719,730,715,719,17160
2018-03-13,718,732,721,718,3470
2018-03-14,724,728,722,724,3995
2018-03-15,728,773,732,728,3630
2018-03-18,735,749,726,735,2575
2018-03-19,736,748,726,736,1780
2018-03-20,736,749,726,736,1600
2018-03-21,735,748,716,735,4200
2018-03-22,728,720,710,728,10637
2018-03-26,720,718,691,720,11600
2018-03-27,700,728,687,700,7105
2018-03-28,701,715,692,701,4705
2018-03-29,707,716,702,707,2125
2018-04-01,704,718,690,704,11639
2018-04-02,703,710,699,703,6765
2018-04-03,701,714,700,701,1455
2018-04-04,707,719,705,707,6065
2018-04-05,715,723,711,715,3495
2018-04-08,720,734,711,720,9978
2018-04-09,730,744,721,730,12455
2018-04-10,735,744,715,735,4195
2018-04-11,733,747,724,733,340
2018-04-12,728,733,720,728,3835
2018-04-15,733,740,726,733,650
2018-04-16,738,744,730,738,2460
2018-04-17,735,765,727,735,10425
2018-04-18,750,775,750,750,7990
2018-04-19,750,809,751,750,22360
2018-04-22,792,818,786,792,4830
2018-04-23,800,815,772,800,15100
2018-04-24,785,797,780,785,3005
2018-04-25,780,799,779,780,12400
2018-04-26,785,794,765,785,7260
2018-04-29,770,785,756,770,5500
2018-05-02,760,790,762,760,3270
2018-05-03,774,780,770,774,6230
2018-05-06,775,777,765,775,2060
2018-05-07,766,779,763,766,4710
2018-05-08,768,770,765,768,5645
2018-05-09,765,769,762,765,1740
2018-05-10,767,766,759,767,2835
2018-05-14,759,770,760,759,8815
2018-05-15,762,770,755,762,1410
2018-05-16,762,770,761,762,10853
2018-05-17,770,790,765,770,8152
2018-05-20,766,779,760,766,3075
2018-05-21,767,766,760,767,2685
2018-05-22,765,770,753,765,5810
2018-05-23,760,770,755,760,1782
2018-05-24,765,764,760,765,3590
2018-05-27,760,765,741,760,3650
2018-05-28,743,769,749,743,2288
2018-05-29,760,775,752,760,7013
2018-05-30,760,770,755,760,1810
2018-05-31,758,765,737,758,38180
2018-06-03,756,753,727,756,12780
2018-06-04,737,771,723,737,4099
2018-06-06,771,759,736,771,2520
2018-06-07,759,750,740,759,2130
2018-06-10,741,745,732,741,24480
2018-06-11,735,745,730,735,12470
2018-06-12,738,740,729,738,17845
2018-06-13,734,735,727,734,10440
2018-06-14,730,740,728,730,10890
2018-06-17,734,730,725,734,1287
2018-06-18,725,730,725,725,1335
2018-06-19,730,735,725,730,4895
2018-06-20,730,723,722,730,495
2018-06-21,722,730,720,722,1825
2018-06-24,730,727,726,730,210
2018-06-25,726,727,724,726,1428
2018-06-26,725,726,720,725,3310
2018-06-27,721,728,715,721,1300
2018-06-28,725,725,720,725,15050
2018-07-01,723,729,715,723,8505
2018-07-02,720,722,719,720,3400
2018-07-03,719,722,712,719,7796
2018-07-04,717,722,713,717,1450
2018-07-05,722,730,720,722,6925
2018-07-08,728,730,725,728,6032
2018-07-09,730,728,728,730,3765
2018-07-10,728,730,710,728,16365
2018-07-11,724,728,714,724,67100
2018-07-12,725,725,720,725,10645
2018-07-15,724,726,718,724,620
2018-07-16,726,724,721,726,450
2018-07-17,721,730,711,721,910
2018-07-19,727,727,723,727,1020
2018-07-22,727,722,719,727,2010
2018-07-23,719,733,718,719,1590
2018-07-24,723,728,720,723,23635
2018-07-25,726,727,721,726,5132
2018-07-26,727,741,721,727,4604
2018-07-29,727,730,724,727,4210
2018-07-30,730,740,730,730,1580
2018-07-31,730,730,722,730,1815
2018-08-01,730,728,716,730,1520
2018-08-02,722,734,717,722,1710
2018-08-05,720,729,720,720,1865
2018-08-06,729,724,721,729,210
2018-08-07,724,725,724,724,3120
2018-08-08,724,727,724,724,3030
2018-08-09,727,726,723,727,7355
2018-08-12,726,725,715,726,3200
2018-08-13,721,738,721,721,2178
2018-08-14,730,732,724,730,1890
2018-08-15,726,740,728,726,2008
2018-08-16,740,750,727,740,4770
2018-08-19,738,738,725,738,1450
2018-08-20,736,734,725,736,6220
2018-08-21,731,733,725,731,3628
2018-08-22,733,742,723,733,3710
2018-08-23,730,732,725,730,5430
2018-08-26,732,734,734,732,10
2018-08-28,734,732,723,734,2990
2018-08-29,730,734,722,730,1625
2018-08-30,727,734,722,727,5420
2018-09-02,734,732,724,734,665
2018-09-03,732,734,725,732,4880
2018-09-04,730,734,726,730,2905
2018-09-05,733,740,730,733,4570
2018-09-06,738,760,734,738,15900
2018-09-09,760,755,742,760,5264
2018-09-10,751,751,742,751,1815
2018-09-11,748,760,748,748,975
2018-09-12,753,767,750,753,17105
2018-09-13,760,804,761,760,15480
2018-09-16,789,800,786,789,18370
2018-09-17,786,793,773,786,11292
2018-09-18,787,789,779,787,8395
2018-09-20,789,794,780,789,1100
2018-09-23,794,794,781,794,7735
2018-09-25,783,785,781,783,11155
2018-09-26,782,794,776,782,6780
2018-09-27,780,782,775,780,2880
2018-09-30,775,780,769,775,7860
2018-10-01,771,770,761,771,5390
2018-10-02,764,775,758,764,7530
2018-10-03,775,772,761,775,4180
2018-10-04,763,769,746,763,4405
2018-10-07,762,775,755,762,12230
2018-10-08,767,785,760,767,5900
2018-10-09,760,781,761,760,5180
2018-10-10,777,780,771,777,8692
2018-10-11,775,783,770,775,3825
2018-10-14,783,787,782,783,3057
2018-10-15,787,784,775,787,8958
2018-10-21,780,789,784,780,450
2018-10-22,786,785,777,786,4070
2018-10-23,785,790,775,785,670
2018-10-24,781,790,780,781,8065
2018-10-25,790,785,780,790,9165
2018-10-28,780,780,771,780,6330
2018-10-29,778,775,765,778,5430
2018-10-30,770,775,771,770,1090
2018-10-31,773,780,770,773,555
2018-11-01,780,777,771,780,445
2018-11-04,775,783,771,775,2395
2018-11-05,783,786,778,783,27449
2018-11-06,785,790,783,785,315
2018-11-11,782,797,780,782,3595
2018-11-12,785,785,775,785,415
2018-11-13,775,794,770,775,1225
2018-11-14,785,785,783,785,251
2018-11-15,783,798,778,783,4902
2018-11-18,782,782,775,782,650
2018-11-19,775,785,775,775,12909
2018-11-20,781,781,766,781,1636
2018-11-22,777,783,772,777,6890
2018-11-25,783,783,770,783,2020
2018-11-27,772,785,772,772,500
2018-11-28,774,778,770,774,1365
2018-12-02,777,777,763,777,3005
2018-12-03,770,773,762,770,4015
2018-12-04,773,800,768,773,5505
2018-12-05,800,800,765,800,3225
2018-12-06,767,779,765,767,1255
2018-12-09,769,774,769,769,1220
2018-12-10,774,784,767,774,1580
2018-12-11,774,774,772,774,270
2018-12-12,773,775,769,773,1375
2018-12-16,773,780,771,773,7501
2018-12-17,776,778,772,776,3270
2018-12-18,776,786,775,776,16225
2018-12-19,784,788,780,784,3070
2018-12-20,785,800,781,785,2416
2018-12-23,784,799,784,784,9895
2018-12-24,795,810,785,795,7901
2018-12-25,790,790,780,790,7800
2018-12-26,785,792,785,785,13328
2018-12-27,792,804,790,792,23618
2018-12-30,797,797,743,797,18455
2018-12-31,743,743,731,743,3110
2019-01-01,734,748,734,734,490
2019-01-02,734,743,730,734,370
2019-01-03,730,740,728,730,22715
2019-01-06,731,740,729,731,16775
2019-01-07,734,748,731,734,1022
2019-01-08,731,739,726,731,1400
2019-01-09,733,739,726,733,423
2019-01-10,730,737,725,730,3780
2019-01-13,732,738,728,732,1410
2019-01-14,730,740,725,730,3253
2019-01-15,740,741,735,740,5465
2019-01-16,736,738,724,736,5180
2019-01-17,724,734,724,724,1910
2019-01-20,733,735,733,733,10
2019-01-21,735,740,724,735,6850
2019-01-22,726,735,726,726,4193
2019-01-23,729,738,728,729,4090
2019-01-24,730,735,728,730,3120
2019-01-27,730,730,725,730,5155
2019-01-28,729,729,724,729,890
2019-01-29,728,730,728,728,4487
2019-01-30,730,732,722,730,1060
2019-01-31,730,730,725,730,5905
2019-02-03,729,729,709,729,49871
2019-02-04,714,729,708,714,9436
2019-02-05,708,714,706,708,16514
2019-02-06,712,715,706,712,7440
2019-02-07,710,715,705,710,3470
2019-02-10,707,708,701,707,7374
2019-02-11,703,708,700,703,6490
2019-02-12,705,719,691,705,3150
2019-02-13,700,713,698,700,5500
2019-02-14,698,698,690,698,4895
2019-02-17,695,700,687,695,1835
2019-02-18,687,690,676,687,3570
2019-02-19,676,705,676,676,1129
2019-02-20,688,697,675,688,1687
2019-02-21,688,700,684,688,2190
2019-02-24,689,689,677,689,230
2019-02-25,678,690,675,678,2555
2019-02-26,690,690,677,690,5305
2019-02-27,681,694,681,681,965
2019-03-03,684,697,677,684,926
2019-03-05,685,689,678,685,3790
2019-03-06,680,680,670,680,4244
2019-03-07,680,685,678,680,3968
2019-03-10,684,684,680,684,1510
2019-03-11,682,683,674,682,5947
2019-03-12,678,689,678,678,3323
2019-03-13,683,689,677,683,2835
2019-03-14,680,689,680,680,5273
2019-03-17,685,690,679,685,1030
2019-03-18,683,684,678,683,800
2019-03-19,683,686,673,683,1730
2019-03-21,673,680,672,673,3152
2019-03-24,677,680,674,677,5025
2019-03-25,678,680,670,678,3135
2019-03-26,674,687,675,674,4040
2019-03-27,680,684,670,680,2255
2019-03-28,680,685,676,680,2195
2019-03-31,685,688,677,685,2930
2019-04-01,687,684,677,687,2600
2019-04-02,679,686,677,679,1525
2019-04-03,686,692,677,686,6283
2019-04-04,684,687,677,684,2575
2019-04-07,685,685,680,685,1700
2019-04-08,685,697,677,685,4525
2019-04-09,680,682,677,680,3035
2019-04-10,678,685,675,678,3430
2019-04-11,685,690,677,685,2855
2019-04-15,682,692,677,682,4320
2019-04-16,677,682,675,677,6160
2019-04-17,680,686,678,680,3370
2019-04-18,680,684,680,680,3570
2019-04-21,682,695,680,682,4417
2019-04-22,695,707,685,695,3190
2019-04-23,690,693,680,690,4800
2019-04-24,690,698,690,690,500
2019-04-25,695,704,694,695,5385
2019-04-28,704,710,695,704,3725
2019-04-29,700,728,700,700,860
2019-04-30,707,709,696,707,1703
2019-05-02,700,700,687,700,1923
2019-05-05,698,707,685,698,3195
2019-05-06,703,709,700,703,3835
2019-05-07,700,712,697,700,5780
2019-05-08,704,715,699,704,370
2019-05-09,704,718,694,704,6640
2019-05-12,704,704,695,704,1290
2019-05-13,701,715,695,701,14140
2019-05-14,713,740,706,713,14000
2019-05-15,717,731,710,717,72287
2019-05-16,721,735,715,721,8708
2019-05-19,723,735,723,723,24793
2019-05-20,729,750,729,729,50050
2019-05-21,735,740,729,735,25165
2019-05-22,729,740,730,729,21400
2019-05-23,730,750,716,730,32295
2019-05-26,740,745,726,740,10202
2019-05-27,726,732,715,726,16400
2019-05-28,728,734,716,728,16840
2019-05-29,729,728,722,729,24615
2019-05-30,728,754,725,728,30060
2019-06-02,731,735,711,731,18937
2019-06-03,717,728,712,717,8659
2019-06-04,715,715,701,715,6820
2019-06-06,710,745,680,710,8335
2019-06-10,713,718,695,713,23548
2019-06-11,705,704,695,705,2790
2019-06-12,700,707,696,700,6920
2019-06-13,703,710,692,703,1355
2019-06-16,700,700,690,700,5190
2019-06-17,694,699,690,694,4570
2019-06-18,695,700,690,695,9952
2019-06-19,690,700,690,690,1665
2019-06-20,694,703,691,694,1825
2019-06-23,697,697,690,697,4070
2019-06-24,690,698,690,690,4335
2019-06-25,698,699,691,698,2210
2019-06-26,699,700,695,699,6910
2019-06-27,700,704,696,700,6670
2019-06-30,703,715,696,703,10990
2019-07-01,702,700,690,702,11164
2019-07-02,698,699,692,698,14563
2019-07-03,694,707,694,694,8880
2019-07-04,700,705,693,700,55909
2019-07-07,698,698,692,698,7865
2019-07-08,697,697,690,697,6555
2019-07-09,693,694,687,693,6630
2019-07-10,694,700,685,694,18725
2019-07-11,686,695,683,686,15488
2019-07-14,683,696,681,683,2725
2019-07-15,685,690,686,685,1395
2019-07-16,690,724,685,690,2115
2019-07-17,693,703,692,693,15752
2019-07-18,696,697,692,696,1915
2019-07-21,693,700,690,693,3243
2019-07-22,698,699,695,698,3255
2019-07-23,699,705,693,699,6625
2019-07-24,697,699,693,697,1550
2019-07-25,699,698,693,699,4585
2019-07-28,695,692,687,695,2094
2019-07-29,691,695,687,691,1000
2019-07-30,693,703,685,693,5076
2019-07-31,695,699,690,695,1810
2019-08-01,698,701,694,698,2720
2019-08-04,694,695,691,694,4403
2019-08-05,695,694,690,695,4955
2019-08-06,691,694,690,691,4290
2019-08-07,691,695,686,691,9280
2019-08-08,692,695,687,692,2857
2019-08-11,687,695,686,687,3027
2019-08-12,689,693,687,689,14415
2019-08-13,689,692,685,689,2465
2019-08-14,685,692,680,685,2690
2019-08-15,686,688,670,686,9285
2019-08-18,679,682,666,679,9920
2019-08-19,666,672,668,666,6493
2019-08-20,670,668,663,670,2940
2019-08-21,665,675,665,665,1835
2019-08-22,669,682,666,669,2375
2019-08-25,674,677,665,674,7115
2019-08-26,675,672,665,675,960
2019-08-27,670,675,666,670,5835
2019-08-28,670,683,665,670,965
2019-08-29,665,670,664,665,3235
2019-09-01,667,669,660,667,3528
2019-09-02,663,689,647,663,7735
2019-09-03,658,656,643,658,10060
2019-09-04,655,660,647,655,13925
2019-09-05,653,659,641,653,4940
2019-09-08,651,647,637,651,7265
2019-09-09,639,651,630,639,7140
2019-09-10,632,635,620,632,5493
2019-09-11,630,631,625,630,2180
2019-09-12,629,630,620,629,12194
2019-09-15,626,640,612,626,830
2019-09-16,624,650,606,624,2820
2019-09-17,606,646,620,606,10113
2019-09-18,627,662,626,627,4045
2019-09-19,633,645,616,633,9285
2019-09-22,617,641,613,617,1205
2019-09-23,625,634,622,625,220
2019-09-24,628,634,614,628,1785
2019-09-25,622,633,613,622,960
2019-09-26,627,630,615,627,3510
2019-09-29,627,646,624,627,375
2019-09-30,629,635,614,629,1510
2019-10-01,616,635,620,616,20880
2019-10-02,627,645,625,627,458
2019-10-03,637,649,625,637,1285
2019-10-10,637,649,625,637,590
2019-10-14,636,647,622,636,11910
2019-10-15,629,653,630,629,725
2019-10-16,634,640,623,634,1485
2019-10-17,623,647,620,623,5255
2019-10-21,620,629,618,620,2100
2019-10-22,620,624,616,620,2815
2019-10-23,616,635,619,616,1320
2019-10-24,620,632,625,620,270
2019-10-31,632,642,627,632,2460
2019-11-03,638,645,625,638,1587
2019-11-04,633,643,620,633,770
2019-11-05,627,629,621,627,2100
2019-11-06,624,625,617,624,1550
2019-11-07,617,620,615,617,2685
2019-11-10,615,634,612,615,3005
2019-11-11,623,626,615,623,3030
2019-11-12,618,626,615,618,5130
2019-11-13,620,632,618,620,2700
2019-11-14,622,634,620,622,1385
2019-11-17,620,630,615,620,6934
2019-11-18,624,630,618,624,1790
2019-11-19,624,627,617,624,2865
2019-11-20,626,635,623,626,1565
2019-11-21,623,627,621,623,5775
2019-11-24,624,624,620,624,2538
2019-11-25,621,632,619,621,2065
2019-11-26,628,635,620,628,2920
2019-11-27,622,634,620,622,4005
2019-11-28,634,635,625,634,2920
2019-12-01,633,639,630,633,1222
2019-12-02,639,642,630,639,615
2019-12-03,637,639,620,637,2383
2019-12-04,630,637,625,630,1320
2019-12-05,637,642,639,637,110
2019-12-08,642,673,630,642,1902
2019-12-09,670,667,649,670,6915
2019-12-10,665,678,650,665,1667
2019-12-11,651,670,646,651,1290
2019-12-12,656,669,651,656,825
2019-12-15,651,677,637,651,530
2019-12-16,659,659,636,659,10455
2019-12-17,640,649,637,640,1540
2019-12-18,642,646,640,642,930
2019-12-19,643,652,632,643,1808
2019-12-22,636,643,635,636,2262
2019-12-23,641,659,637,641,5000
2019-12-24,659,670,650,659,15459
2019-12-25,653,660,650,653,7225
2019-12-26,657,668,654,657,3815
2019-12-29,657,664,658,657,6455
2019-12-30,659,662,655,659,28830
2019-12-31,662,649,620,662,3034
2020-01-01,623,623,612,623,6310
2020-01-02,619,618,613,619,1420
2020-01-05,613,620,607,613,3890
2020-01-06,615,620,611,615,2275
2020-01-07,618,624,618,618,4440
2020-01-08,621,639,620,621,2730
2020-01-09,623,626,617,623,2060
2020-01-12,620,636,616,620,6781
2020-01-13,636,667,639,636,92406
2020-01-14,645,669,637,645,6905
2020-01-15,645,645,639,645,4051
2020-01-16,644,656,636,644,3415
2020-01-19,639,650,637,639,13006
2020-01-20,650,645,625,650,10351
2020-01-21,637,649,626,637,2040
2020-01-22,627,633,621,627,3120
2020-01-23,621,645,621,621,6965
2020-01-26,627,635,621,627,1262
2020-01-27,621,629,620,621,4050
2020-01-28,627,637,620,627,6925
2020-01-29,620,631,616,620,5090
2020-01-30,620,644,617,620,3320
2020-02-02,620,623,620,620,4636
2020-02-03,622,634,620,622,3766
2020-02-04,622,630,619,622,1585
2020-02-05,624,626,617,624,4607
2020-02-06,626,630,620,626,5525
2020-02-09,624,623,617,624,2630
2020-02-10,620,630,617,620,2965
2020-02-11,620,622,618,620,7614
2020-02-12,620,631,615,620,4015
2020-02-13,619,629,615,619,6950
2020-02-16,617,629,615,617,4930
2020-02-17,619,631,618,619,12815
2020-02-18,623,633,621,623,11155
2020-02-19,624,648,617,624,7782
2020-02-20,624,635,618,624,19515
2020-02-23,629,650,630,629,38559
2020-02-24,649,696,650,649,26199
2020-02-25,666,732,656,666,55741
2020-02-26,722,768,722,722,109373
2020-02-27,738,750,715,738,39988
2020-03-01,719,790,701,719,57238
2020-03-02,706,720,681,706,6922
2020-03-03,681,700,655,681,13762
2020-03-04,678,690,652,678,13663
2020-03-05,653,666,642,653,9456
2020-03-10,658,671,634,658,2653
2020-03-11,635,666,628,635,18140
